1.5708	0
1.57046	-0.08175
1.56943	-0.1635
1.56773	-0.24525
1.56535	-0.326999
1.56228	-0.408747
1.55853	-0.490492
1.55411	-0.572234
1.549	-0.653968
1.54321	-0.735693
1.53673	-0.817404
1.52958	-0.899095
1.52175	-0.980761
1.51324	-1.06239
1.50404	-1.14399
1.49417	-1.22552
1.48362	-1.307
1.47239	-1.3884
1.46048	-1.4697
1.44789	-1.55089
1.43463	-1.63196
1.42069	-1.71287
1.40608	-1.79361
1.3908	-1.87414
1.37485	-1.95445
1.35822	-2.0345
1.34094	-2.11425
1.32299	-2.19368
1.30438	-2.27274
1.28511	-2.35139
1.26519	-2.42959
1.24462	-2.50729
1.2234	-2.58444
1.20154	-2.661
1.17905	-2.73689
1.15593	-2.81208
1.13218	-2.88649
1.10782	-2.96007
1.08285	-3.03275
1.05727	-3.10445
1.03111	-3.17512
1.00435	-3.24468
0.977027	-3.31305
0.949136	-3.38016
0.920691	-3.44592
0.891704	-3.51026
0.862187	-3.57311
0.832152	-3.63436
0.801614	-3.69395
0.770587	-3.75179
0.739084	-3.8078
0.707123	-3.86189
0.67472	-3.91398
0.64189	-3.96398
0.608653	-4.01182
0.575027	-4.05743
0.541029	-4.10071
0.506681	-4.14159
0.472003	-4.18001
0.437015	-4.2159
0.401738	-4.24918
0.366195	-4.2798
0.330408	-4.3077
0.2944	-4.33282
0.258194	-4.35512
0.221815	-4.37455
0.185285	-4.39107
0.14863	-4.40465
0.111874	-4.41527
0.0750423	-4.4229
0.0381593	-4.42752
0.0012503	-4.42913
-0.0356595	-4.42772
-0.0725451	-4.4233
-0.109381	-4.41588
-0.146143	-4.40546
-0.182806	-4.39208
-0.219344	-4.37576
-0.255735	-4.35652
-0.291953	-4.33442
-0.327975	-4.30949
-0.363778	-4.28178
-0.399338	-4.25134
-0.434634	-4.21824
-0.469642	-4.18253
-0.504342	-4.14428
-0.538713	-4.10355
-0.572735	-4.06043
-0.606387	-4.01499
-0.639651	-3.96729
-0.672509	-3.91743
-0.704942	-3.86548
-0.736934	-3.81152
-0.768467	-3.75565
-0.799528	-3.69793
-0.830099	-3.63845
-0.860169	-3.57731
-0.889721	-3.51457
-0.918745	-3.45033
-0.947227	-3.38465
-0.975156	-3.31764
-1.00252	-3.24935
-1.02931	-3.17987
-1.05552	-3.10928
-1.08113	-3.03764
-1.10615	-2.96502
-1.13055	-2.8915
-1.15434	-2.81715
-1.1775	-2.74201
-1.20004	-2.66616
-1.22194	-2.58965
-1.2432	-2.51253
-1.26381	-2.43487
-1.28378	-2.3567
-1.30309	-2.27808
-1.32175	-2.19905
-1.33974	-2.11964
-1.35707	-2.03991
-1.37374	-1.95988
-1.38974	-1.87959
-1.40507	-1.79907
-1.41972	-1.71834
-1.43371	-1.63744
-1.44701	-1.55639
-1.45965	-1.4752
-1.4716	-1.39391
-1.48288	-1.31252
-1.49348	-1.23105
-1.5034	-1.14951
-1.51264	-1.06792
-1.52119	-0.986292
-1.52907	-0.904628
-1.53627	-0.822938
-1.54279	-0.741229
-1.54863	-0.659505
-1.55378	-0.577771
-1.55826	-0.49603
-1.56205	-0.414285
-1.56516	-0.332537
-1.56759	-0.250788
-1.56934	-0.169038
-1.57041	-0.0872879
-1.57079	-0.00553791
-1.5705	0.0762121
-1.56952	0.157962
-1.56787	0.239712
-1.56553	0.321461
-1.56251	0.403209
-1.55881	0.484955
-1.55443	0.566696
-1.54936	0.648432
-1.54362	0.730157
-1.53719	0.811869
-1.53009	0.893562
-1.5223	0.97523
-1.51383	1.05687
-1.50469	1.13846
-1.49486	1.22
-1.48435	1.30148
-1.47317	1.38289
-1.46131	1.4642
-1.44877	1.5454
-1.43555	1.62647
-1.42166	1.70739
-1.40709	1.78814
-1.39186	1.86869
-1.37595	1.94902
-1.35937	2.02908
-1.34213	2.10886
-1.32422	2.18831
-1.30566	2.26739
-1.28643	2.34608
-1.26656	2.42431
-1.24603	2.50204
-1.22486	2.57923
-1.20304	2.65583
-1.18059	2.73177
-1.15751	2.80701
-1.13381	2.88148
-1.10949	2.95511
-1.08456	3.02785
-1.05902	3.09963
-1.0329	3.17037
-1.00618	3.24
-0.978896	3.30846
-0.951043	3.37565
-0.922636	3.44151
-0.893685	3.50595
-0.864203	3.5689
-0.834203	3.63027
-0.803699	3.68997
-0.772704	3.74793
-0.741233	3.80406
-0.709302	3.85829
-0.676928	3.91051
-0.644127	3.96066
-0.610917	4.00865
-0.577316	4.05441
-0.543344	4.09785
-0.509019	4.1389
-0.474362	4.17749
-0.439394	4.21355
-0.404136	4.24701
-0.368611	4.27781
-0.332839	4.30589
-0.296846	4.33121
-0.260653	4.3537
-0.224284	4.37332
-0.187764	4.39004
-0.151117	4.40382
-0.114367	4.41464
-0.0775393	4.42247
-0.0406589	4.4273
-0.0037509	4.42912
0.0331597	4.42791
0.0700477	4.4237
0.106888	4.41648
0.143656	4.40626
0.180326	4.39308
0.216874	4.37696
0.253275	4.35792
0.289506	4.33601
0.325542	4.31126
0.36136	4.28374
0.396937	4.25349
0.432251	4.22056
0.46728	4.18503
0.502002	4.14695
0.536396	4.10639
0.570442	4.06343
0.60412	4.01814
0.637411	3.97059
0.670296	3.92087
0.702759	3.86906
0.734781	3.81524
0.766346	3.75949
0.797439	3.70189
0.828044	3.64254
0.858148	3.5815
0.887736	3.51887
0.916796	3.45472
0.945315	3.38915
0.973281	3.32222
1.00068	3.25401
1.02751	3.18461
1.05376	3.11409
1.07942	3.04252
1.10447	2.96997
1.12892	2.89651
1.15275	2.82221
1.17595	2.74712
1.19853	2.67132
1.22047	2.59485
1.24178	2.51778
1.26244	2.44015
1.28245	2.36201
1.3018	2.28342
1.3205	2.20441
1.33854	2.12503
1.35592	2.04532
1.37263	1.96531
1.38868	1.88504
1.40405	1.80453
1.41875	1.72382
1.43278	1.64293
1.44613	1.56188
1.45881	1.48071
1.47081	1.39942
1.48214	1.31803
1.49278	1.23657
1.50275	1.15504
1.51203	1.07345
1.52064	0.991823
1.52856	0.910161
1.53581	0.828473
1.54237	0.746764
1.54825	0.665041
1.55345	0.583308
1.55797	0.501567
1.56181	0.419822
1.56497	0.338075
1.56745	0.256325
1.56924	0.174576
1.57036	0.0928258
1.57079	0.0110758
1.57054	-0.0706742
1.56961	-0.152424
1.568	-0.234174
1.56571	-0.315923
1.56274	-0.397671
1.55908	-0.479417
1.55475	-0.561159
1.54973	-0.642895
1.54403	-0.724621
1.53765	-0.806334
1.53059	-0.888029
1.52285	-0.969699
1.51443	-1.05134
1.50533	-1.13293
1.49555	-1.21448
1.48509	-1.29597
1.47395	-1.37737
1.46213	-1.45869
1.44964	-1.5399
1.43647	-1.62098
1.42262	-1.70192
1.4081	-1.78268
1.39291	-1.86324
1.37705	-1.94358
1.36052	-2.02367
1.34332	-2.10347
1.32546	-2.18294
1.30694	-2.26205
1.28776	-2.34076
1.26792	-2.41902
1.24744	-2.49679
1.22631	-2.57402
1.20454	-2.65066
1.18213	-2.72665
1.1591	-2.80194
1.13543	-2.87646
1.11115	-2.95015
1.08626	-3.02296
1.06077	-3.0948
1.03468	-3.16561
1.00801	-3.23532
0.980763	-3.30386
0.952948	-3.37114
0.924577	-3.43709
0.895663	-3.50163
0.866217	-3.56468
0.836251	-3.62616
0.805781	-3.68598
0.774818	-3.74406
0.74338	-3.80032
0.71148	-3.85467
0.679135	-3.90704
0.646362	-3.95733
0.613179	-4.00547
0.579605	-4.05138
0.545656	-4.09498
0.511355	-4.1362
0.47672	-4.17496
0.441772	-4.21119
0.406533	-4.24483
0.371025	-4.27581
0.33527	-4.30408
0.29929	-4.32958
0.26311	-4.35226
0.226753	-4.37208
0.190242	-4.389
0.153603	-4.40298
0.116859	-4.414
0.080036	-4.42204
0.0431584	-4.42707
0.00625149	-4.42909
-0.0306597	-4.42809
-0.06755	-4.42408
-0.104394	-4.41706
-0.141168	-4.40705
-0.177845	-4.39407
-0.214402	-4.37814
-0.250814	-4.3593
-0.287057	-4.33758
-0.323107	-4.31303
-0.358941	-4.28569
-0.394535	-4.25562
-0.429868	-4.22288
-0.464917	-4.18751
-0.49966	-4.1496
-0.534077	-4.10921
-0.568147	-4.06641
-0.60185	-4.02128
-0.635168	-3.97388
-0.668082	-3.92431
-0.700573	-3.87264
-0.732626	-3.81895
-0.764222	-3.76333
-0.795348	-3.70585
-0.825987	-3.64661
-0.856125	-3.58569
-0.885748	-3.52316
-0.914844	-3.45911
-0.9434	-3.39363
-0.971404	-3.32679
-0.998846	-3.25867
-1.02572	-3.18935
-1.052	-3.1189
-1.0777	-3.0474
-1.10279	-2.97492
-1.12728	-2.90152
-1.15115	-2.82727
-1.1744	-2.75223
-1.19702	-2.67647
-1.21901	-2.60005
-1.24036	-2.52301
-1.26106	-2.44542
-1.28111	-2.36732
-1.30051	-2.28876
-1.31926	-2.20978
-1.33734	-2.13042
-1.35477	-2.05073
-1.37152	-1.97074
-1.38761	-1.89048
-1.40303	-1.80999
-1.41778	-1.72929
-1.43185	-1.64841
-1.44525	-1.56738
-1.45797	-1.48621
-1.47002	-1.40493
-1.48139	-1.32355
-1.49208	-1.24209
-1.50209	-1.16056
-1.51142	-1.07898
-1.52007	-0.997354
-1.52805	-0.915694
-1.53534	-0.834007
-1.54195	-0.7523
-1.54787	-0.670578
-1.55312	-0.588845
-1.55769	-0.507105
-1.56157	-0.42536
-1.56478	-0.343612
-1.5673	-0.261863
-1.56914	-0.180114
-1.5703	-0.0983637
-1.57078	-0.0166137
-1.57058	0.0651363
-1.5697	0.146886
-1.56813	0.228636
-1.56589	0.310385
-1.56296	0.392134
-1.55935	0.47388
-1.55506	0.555622
-1.55009	0.637358
-1.54444	0.719085
-1.53811	0.800799
-1.53109	0.882495
-1.5234	0.964167
-1.51502	1.04581
-1.50597	1.12741
-1.49623	1.20896
-1.48582	1.29045
-1.47472	1.37186
-1.46295	1.45319
-1.4505	1.5344
-1.43738	1.61549
-1.42358	1.69644
-1.40911	1.77721
-1.39396	1.85779
-1.37814	1.93815
-1.36166	2.01825
-1.3445	2.09807
-1.32669	2.17757
-1.30821	2.2567
-1.28908	2.33544
-1.26929	2.41374
-1.24885	2.49154
-1.22776	2.56881
-1.20603	2.64549
-1.18367	2.72152
-1.16068	2.79686
-1.13706	2.87144
-1.11282	2.94519
-1.08797	3.01805
-1.06252	3.08996
-1.03647	3.16085
-1.00984	3.23064
-0.982627	3.29925
-0.95485	3.36662
-0.926516	3.43267
-0.897638	3.49731
-0.868228	3.56046
-0.838297	3.62205
-0.80786	3.68198
-0.776931	3.74018
-0.745524	3.79657
-0.713655	3.85105
-0.68134	3.90356
-0.648596	3.95399
-0.61544	4.00228
-0.581891	4.04834
-0.547968	4.0921
-0.513689	4.13348
-0.479076	4.17241
-0.444149	4.20882
-0.408929	4.24263
-0.373439	4.2738
-0.337699	4.30225
-0.301734	4.32794
-0.265567	4.35082
-0.229221	4.37083
-0.19272	4.38795
-0.156088	4.40213
-0.119351	4.41335
-0.0825325	4.42159
-0.0456578	4.42682
-0.00875206	4.42905
0.0281596	4.42825
0.0650522	4.42445
0.1019	4.41763
0.138679	4.40782
0.175364	4.39504
0.21193	4.37931
0.248353	4.36067
0.284608	4.33914
0.320672	4.31478
0.356521	4.28763
0.392132	4.25774
0.427483	4.22518
0.462552	4.18999
0.497316	4.15225
0.531756	4.11203
0.56585	4.06939
0.599579	4.02441
0.632924	3.97716
0.665865	3.92773
0.698386	3.8762
0.730469	3.82265
0.762097	3.76715
0.793254	3.7098
0.823927	3.65068
0.854099	3.58987
0.883758	3.52744
0.91289	3.4635
0.941483	3.39811
0.969525	3.33136
0.997005	3.26333
1.02391	3.19408
1.05024	3.12371
1.07598	3.05228
1.10111	2.97986
1.12564	2.90652
1.14955	2.83232
1.17285	2.75734
1.19551	2.68163
1.21754	2.60525
1.23893	2.52825
1.25968	2.45069
1.27977	2.37263
1.29922	2.29409
1.31801	2.21514
1.33614	2.13581
1.35361	2.05614
1.37041	1.97617
1.38654	1.89593
1.40201	1.81545
1.4168	1.73476
1.43092	1.6539
1.44436	1.57287
1.45713	1.49171
1.46923	1.41044
1.48064	1.32906
1.49138	1.24761
1.50144	1.16609
1.51081	1.08451
1.51951	1.00288
1.52753	0.921227
1.53486	0.839542
1.54152	0.757835
1.54749	0.676114
1.55279	0.594382
1.5574	0.512642
1.56133	0.430898
1.56458	0.34915
1.56715	0.267401
1.56904	0.185652
1.57025	0.103902
1.57077	0.0221517
1.57061	-0.0595983
1.56978	-0.141348
1.56826	-0.223098
1.56606	-0.304848
1.56318	-0.386596
1.55962	-0.468342
1.55537	-0.550085
1.55045	-0.631821
1.54484	-0.713549
1.53856	-0.795264
1.53159	-0.876962
1.52394	-0.958635
1.51561	-1.04028
1.5066	-1.12188
1.49691	-1.20344
1.48654	-1.28493
1.4755	-1.36635
1.46377	-1.44768
1.45137	-1.5289
1.43829	-1.61001
1.42454	-1.69096
1.41011	-1.77175
1.39501	-1.85234
1.37924	-1.93271
1.36279	-2.01283
1.34569	-2.09267
1.32792	-2.17219
1.30948	-2.25135
1.29039	-2.33012
1.27065	-2.40845
1.25025	-2.48629
1.22921	-2.56359
