0	0
0.00833333	-0.08175
0.0166667	-0.1635
0.025	-0.24525
0.0333333	-0.326999
0.0416667	-0.408747
0.05	-0.490492
0.0583333	-0.572234
0.0666667	-0.653968
0.075	-0.735693
0.0833333	-0.817404
0.0916667	-0.899095
0.1	-0.980761
0.108333	-1.06239
0.116667	-1.14399
0.125	-1.22552
0.133333	-1.307
0.141667	-1.3884
0.15	-1.4697
0.158333	-1.55089
0.166667	-1.63196
0.175	-1.71287
0.183333	-1.79361
0.191667	-1.87414
0.2	-1.95445
0.208333	-2.0345
0.216667	-2.11425
0.225	-2.19368
0.233333	-2.27274
0.241667	-2.35139
0.25	-2.42959
0.258333	-2.50729
0.266667	-2.58444
0.275	-2.661
0.283333	-2.73689
0.291667	-2.81208
0.3	-2.88649
0.308333	-2.96007
0.316667	-3.03275
0.325	-3.10445
0.333333	-3.17512
0.341667	-3.24468
0.35	-3.31305
0.358333	-3.38016
0.366667	-3.44592
0.375	-3.51026
0.383333	-3.57311
0.391667	-3.63436
0.4	-3.69395
0.408333	-3.75179
0.416667	-3.8078
0.425	-3.86189
0.433333	-3.91398
0.441667	-3.96398
0.45	-4.01182
0.458333	-4.05743
0.466667	-4.10071
0.475	-4.14159
0.483333	-4.18001
0.491667	-4.2159
0.5	-4.24918
0.508333	-4.2798
0.516667	-4.3077
0.525	-4.33282
0.533333	-4.35512
0.541667	-4.37455
0.55	-4.39107
0.558333	-4.40465
0.566667	-4.41527
0.575	-4.4229
0.583333	-4.42752
0.591667	-4.42913
0.6	-4.42772
0.608333	-4.4233
0.616667	-4.41588
0.625	-4.40546
0.633333	-4.39208
0.641667	-4.37576
0.65	-4.35652
0.658333	-4.33442
0.666667	-4.30949
0.675	-4.28178
0.683333	-4.25134
0.691667	-4.21824
0.7	-4.18253
0.708333	-4.14428
0.716667	-4.10355
0.725	-4.06043
0.733333	-4.01499
0.741667	-3.96729
0.75	-3.91743
0.758333	-3.86548
0.766667	-3.81152
0.775	-3.75565
0.783333	-3.69793
0.791667	-3.63845
0.8	-3.57731
0.808333	-3.51457
0.816667	-3.45033
0.825	-3.38465
0.833333	-3.31764
0.841667	-3.24935
0.85	-3.17987
0.858333	-3.10928
0.866667	-3.03764
0.875	-2.96502
0.883333	-2.8915
0.891667	-2.81715
0.9	-2.74201
0.908333	-2.66616
0.916667	-2.58965
0.925	-2.51253
0.933333	-2.43487
0.941667	-2.3567
0.95	-2.27808
0.958333	-2.19905
0.966667	-2.11964
0.975	-2.03991
0.983333	-1.95988
0.991667	-1.87959
1	-1.79907
1.00833	-1.71834
1.01667	-1.63744
1.025	-1.55639
1.03333	-1.4752
1.04167	-1.39391
1.05	-1.31252
1.05833	-1.23105
1.06667	-1.14951
1.075	-1.06792
1.08333	-0.986292
1.09167	-0.904628
1.1	-0.822938
1.10833	-0.741229
1.11667	-0.659505
1.125	-0.577771
1.13333	-0.49603
1.14167	-0.414285
1.15	-0.332537
1.15833	-0.250788
1.16667	-0.169038
1.175	-0.0872879
1.18333	-0.00553791
1.19167	0.0762121
1.2	0.157962
1.20833	0.239712
1.21667	0.321461
1.225	0.403209
1.23333	0.484955
1.24167	0.566696
1.25	0.648432
1.25833	0.730157
1.26667	0.811869
1.275	0.893562
1.28333	0.97523
1.29167	1.05687
1.3	1.13846
1.30833	1.22
1.31667	1.30148
1.325	1.38289
1.33333	1.4642
1.34167	1.5454
1.35	1.62647
1.35833	1.70739
1.36667	1.78814
1.375	1.86869
1.38333	1.94902
1.39167	2.02908
1.4	2.10886
1.40833	2.18831
1.41667	2.26739
1.425	2.34608
1.43333	2.42431
1.44167	2.50204
1.45	2.57923
1.45833	2.65583
1.46667	2.73177
1.475	2.80701
1.48333	2.88148
1.49167	2.95511
1.5	3.02785
1.50833	3.09963
1.51667	3.17037
1.525	3.24
1.53333	3.30846
1.54167	3.37565
1.55	3.44151
1.55833	3.50595
1.56667	3.5689
1.575	3.63027
1.58333	3.68997
1.59167	3.74793
1.6	3.80406
1.60833	3.85829
1.61667	3.91051
1.625	3.96066
1.63333	4.00865
1.64167	4.05441
1.65	4.09785
1.65833	4.1389
1.66667	4.17749
1.675	4.21355
1.68333	4.24701
1.69167	4.27781
1.7	4.30589
1.70833	4.33121
1.71667	4.3537
1.725	4.37332
1.73333	4.39004
1.74167	4.40382
1.75	4.41464
1.75833	4.42247
1.76667	4.4273
1.775	4.42912
1.78333	4.42791
1.79167	4.4237
1.8	4.41648
1.80833	4.40626
1.81667	4.39308
1.825	4.37696
1.83333	4.35792
1.84167	4.33601
1.85	4.31126
1.85833	4.28374
1.86667	4.25349
1.875	4.22056
1.88333	4.18503
1.89167	4.14695
1.9	4.10639
1.90833	4.06343
1.91667	4.01814
1.925	3.97059
1.93333	3.92087
1.94167	3.86906
1.95	3.81524
1.95833	3.75949
1.96667	3.70189
1.975	3.64254
1.98333	3.5815
1.99167	3.51887
2	3.45472
2.00833	3.38915
2.01667	3.32222
2.025	3.25401
2.03333	3.18461
2.04167	3.11409
2.05	3.04252
2.05833	2.96997
2.06667	2.89651
2.075	2.82221
2.08333	2.74712
2.09167	2.67132
2.1	2.59485
2.10833	2.51778
2.11667	2.44015
2.125	2.36201
2.13333	2.28342
2.14167	2.20441
2.15	2.12503
2.15833	2.04532
2.16667	1.96531
2.175	1.88504
2.18333	1.80453
2.19167	1.72382
2.2	1.64293
2.20833	1.56188
2.21667	1.48071
2.225	1.39942
2.23333	1.31803
2.24167	1.23657
2.25	1.15504
2.25833	1.07345
2.26667	0.991823
2.275	0.910161
2.28333	0.828473
2.29167	0.746764
2.3	0.665041
2.30833	0.583308
2.31667	0.501567
2.325	0.419822
2.33333	0.338075
2.34167	0.256325
2.35	0.174576
2.35833	0.0928258
2.36667	0.0110758
2.375	-0.0706742
2.38333	-0.152424
2.39167	-0.234174
2.4	-0.315923
2.40833	-0.397671
2.41667	-0.479417
2.425	-0.561159
2.43333	-0.642895
2.44167	-0.724621
2.45	-0.806334
2.45833	-0.888029
2.46667	-0.969699
2.475	-1.05134
2.48333	-1.13293
2.49167	-1.21448
2.5	-1.29597
2.50833	-1.37737
2.51667	-1.45869
2.525	-1.5399
2.53333	-1.62098
2.54167	-1.70192
2.55	-1.78268
2.55833	-1.86324
2.56667	-1.94358
2.575	-2.02367
2.58333	-2.10347
2.59167	-2.18294
2.6	-2.26205
2.60833	-2.34076
2.61667	-2.41902
2.625	-2.49679
2.63333	-2.57402
2.64167	-2.65066
2.65	-2.72665
2.65833	-2.80194
2.66667	-2.87646
2.675	-2.95015
2.68333	-3.02296
2.69167	-3.0948
2.7	-3.16561
2.70833	-3.23532
2.71667	-3.30386
2.725	-3.37114
2.73333	-3.43709
2.74167	-3.50163
2.75	-3.56468
2.75833	-3.62616
2.76667	-3.68598
2.775	-3.74406
2.78333	-3.80032
2.79167	-3.85467
2.8	-3.90704
2.80833	-3.95733
2.81667	-4.00547
2.825	-4.05138
2.83333	-4.09498
2.84167	-4.1362
2.85	-4.17496
2.85833	-4.21119
2.86667	-4.24483
2.875	-4.27581
2.88333	-4.30408
2.89167	-4.32958
2.9	-4.35226
2.90833	-4.37208
2.91667	-4.389
2.925	-4.40298
2.93333	-4.414
2.94167	-4.42204
2.95	-4.42707
2.95833	-4.42909
2.96667	-4.42809
2.975	-4.42408
2.98333	-4.41706
2.99167	-4.40705
3	-4.39407
3.00833	-4.37814
3.01667	-4.3593
3.025	-4.33758
3.03333	-4.31303
3.04167	-4.28569
3.05	-4.25562
3.05833	-4.22288
3.06667	-4.18751
3.075	-4.1496
3.08333	-4.10921
3.09167	-4.06641
3.1	-4.02128
3.10833	-3.97388
3.11667	-3.92431
3.125	-3.87264
3.13333	-3.81895
3.14167	-3.76333
3.15	-3.70585
3.15833	-3.64661
3.16667	-3.58569
3.175	-3.52316
3.18333	-3.45911
3.19167	-3.39363
3.2	-3.32679
3.20833	-3.25867
3.21667	-3.18935
3.225	-3.1189
3.23333	-3.0474
3.24167	-2.97492
3.25	-2.90152
3.25833	-2.82727
3.26667	-2.75223
3.275	-2.67647
3.28333	-2.60005
3.29167	-2.52301
3.3	-2.44542
3.30833	-2.36732
3.31667	-2.28876
3.325	-2.20978
3.33333	-2.13042
3.34167	-2.05073
3.35	-1.97074
3.35833	-1.89048
3.36667	-1.80999
3.375	-1.72929
3.38333	-1.64841
3.39167	-1.56738
3.4	-1.48621
3.40833	-1.40493
3.41667	-1.32355
3.425	-1.24209
3.43333	-1.16056
3.44167	-1.07898
3.45	-0.997354
3.45833	-0.915694
3.46667	-0.834007
3.475	-0.7523
3.48333	-0.670578
3.49167	-0.588845
3.5	-0.507105
3.50833	-0.42536
3.51667	-0.343612
3.525	-0.261863
3.53333	-0.180114
3.54167	-0.0983637
3.55	-0.0166137
3.55833	0.0651363
3.56667	0.146886
3.575	0.228636
3.58333	0.310385
3.59167	0.392134
3.6	0.47388
3.60833	0.555622
3.61667	0.637358
3.625	0.719085
3.63333	0.800799
3.64167	0.882495
3.65	0.964167
3.65833	1.04581
3.66667	1.12741
3.675	1.20896
3.68333	1.29045
3.69167	1.37186
3.7	1.45319
3.70833	1.5344
3.71667	1.61549
3.725	1.69644
3.73333	1.77721
3.74167	1.85779
3.75	1.93815
3.75833	2.01825
3.76667	2.09807
3.775	2.17757
3.78333	2.2567
3.79167	2.33544
3.8	2.41374
3.80833	2.49154
3.81667	2.56881
3.825	2.64549
3.83333	2.72152
3.84167	2.79686
3.85	2.87144
3.85833	2.94519
3.86667	3.01805
3.875	3.08996
3.88333	3.16085
3.89167	3.23064
3.9	3.29925
3.90833	3.36662
3.91667	3.43267
3.925	3.49731
3.93333	3.56046
3.94167	3.62205
3.95	3.68198
3.95833	3.74018
3.96667	3.79657
3.975	3.85105
3.98333	3.90356
3.99167	3.95399
4	4.00228
4.00833	4.04834
4.01667	4.0921
4.025	4.13348
4.03333	4.17241
4.04167	4.20882
4.05	4.24263
4.05833	4.2738
4.06667	4.30225
4.075	4.32794
4.08333	4.35082
4.09167	4.37083
4.1	4.38795
4.10833	4.40213
4.11667	4.41335
4.125	4.42159
4.13333	4.42682
4.14167	4.42905
4.15	4.42825
4.15833	4.42445
4.16667	4.41763
4.175	4.40782
4.18333	4.39504
4.19167	4.37931
4.2	4.36067
4.20833	4.33914
4.21667	4.31478
4.225	4.28763
4.23333	4.25774
4.24167	4.22518
4.25	4.18999
4.25833	4.15225
4.26667	4.11203
4.275	4.06939
4.28333	4.02441
4.29167	3.97716
4.3	3.92773
4.30833	3.8762
4.31667	3.82265
4.325	3.76715
4.33333	3.7098
4.34167	3.65068
4.35	3.58987
4.35833	3.52744
4.36667	3.4635
4.375	3.39811
4.38333	3.33136
4.39167	3.26333
4.4	3.19408
4.40833	3.12371
4.41667	3.05228
4.425	2.97986
4.43333	2.90652
4.44167	2.83232
4.45	2.75734
4.45833	2.68163
4.46667	2.60525
4.475	2.52825
4.48333	2.45069
4.49167	2.37263
4.5	2.29409
4.50833	2.21514
4.51667	2.13581
4.525	2.05614
4.53333	1.97617
4.54167	1.89593
4.55	1.81545
4.55833	1.73476
4.56667	1.6539
4.575	1.57287
4.58333	1.49171
4.59167	1.41044
4.6	1.32906
4.60833	1.24761
4.61667	1.16609
4.625	1.08451
4.63333	1.00288
4.64167	0.921227
4.65	0.839542
4.65833	0.757835
4.66667	0.676114
4.675	0.594382
4.68333	0.512642
4.69167	0.430898
4.7	0.34915
4.70833	0.267401
4.71667	0.185652
4.725	0.103902
4.73333	0.0221517
4.74167	-0.0595983
4.75	-0.141348
4.75833	-0.223098
4.76667	-0.304848
4.775	-0.386596
4.78333	-0.468342
4.79167	-0.550085
4.8	-0.631821
4.80833	-0.713549
4.81667	-0.795264
4.825	-0.876962
4.83333	-0.958635
4.84167	-1.04028
4.85	-1.12188
4.85833	-1.20344
4.86667	-1.28493
4.875	-1.36635
4.88333	-1.44768
4.89167	-1.5289
4.9	-1.61001
4.90833	-1.69096
4.91667	-1.77175
4.925	-1.85234
4.93333	-1.93271
4.94167	-2.01283
4.95	-2.09267
4.95833	-2.17219
4.96667	-2.25135
4.975	-2.33012
4.98333	-2.40845
4.99167	-2.48629
5	-2.56359
