0	1.5708
0.00833333	1.57046
0.0166667	1.56943
0.025	1.56773
0.0333333	1.56535
0.0416667	1.56228
0.05	1.55853
0.0583333	1.55411
0.0666667	1.549
0.075	1.54321
0.0833333	1.53673
0.0916667	1.52958
0.1	1.52175
0.108333	1.51324
0.116667	1.50404
0.125	1.49417
0.133333	1.48362
0.141667	1.47239
0.15	1.46048
0.158333	1.44789
0.166667	1.43463
0.175	1.42069
0.183333	1.40608
0.191667	1.3908
0.2	1.37485
0.208333	1.35822
0.216667	1.34094
0.225	1.32299
0.233333	1.30438
0.241667	1.28511
0.25	1.26519
0.258333	1.24462
0.266667	1.2234
0.275	1.20154
0.283333	1.17905
0.291667	1.15593
0.3	1.13218
0.308333	1.10782
0.316667	1.08285
0.325	1.05727
0.333333	1.03111
0.341667	1.00435
0.35	0.977027
0.358333	0.949136
0.366667	0.920691
0.375	0.891704
0.383333	0.862187
0.391667	0.832152
0.4	0.801614
0.408333	0.770587
0.416667	0.739084
0.425	0.707123
0.433333	0.67472
0.441667	0.64189
0.45	0.608653
0.458333	0.575027
0.466667	0.541029
0.475	0.506681
0.483333	0.472003
0.491667	0.437015
0.5	0.401738
0.508333	0.366195
0.516667	0.330408
0.525	0.2944
0.533333	0.258194
0.541667	0.221815
0.55	0.185285
0.558333	0.14863
0.566667	0.111874
0.575	0.0750423
0.583333	0.0381593
0.591667	0.0012503
0.6	-0.0356595
0.608333	-0.0725451
0.616667	-0.109381
0.625	-0.146143
0.633333	-0.182806
0.641667	-0.219344
0.65	-0.255735
0.658333	-0.291953
0.666667	-0.327975
0.675	-0.363778
0.683333	-0.399338
0.691667	-0.434634
0.7	-0.469642
0.708333	-0.504342
0.716667	-0.538713
0.725	-0.572735
0.733333	-0.606387
0.741667	-0.639651
0.75	-0.672509
0.758333	-0.704942
0.766667	-0.736934
0.775	-0.768467
0.783333	-0.799528
0.791667	-0.830099
0.8	-0.860169
0.808333	-0.889721
0.816667	-0.918745
0.825	-0.947227
0.833333	-0.975156
0.841667	-1.00252
0.85	-1.02931
0.858333	-1.05552
0.866667	-1.08113
0.875	-1.10615
0.883333	-1.13055
0.891667	-1.15434
0.9	-1.1775
0.908333	-1.20004
0.916667	-1.22194
0.925	-1.2432
0.933333	-1.26381
0.941667	-1.28378
0.95	-1.30309
0.958333	-1.32175
0.966667	-1.33974
0.975	-1.35707
0.983333	-1.37374
0.991667	-1.38974
1	-1.40507
1.00833	-1.41972
1.01667	-1.43371
1.025	-1.44701
1.03333	-1.45965
1.04167	-1.4716
1.05	-1.48288
1.05833	-1.49348
1.06667	-1.5034
1.075	-1.51264
1.08333	-1.52119
1.09167	-1.52907
1.1	-1.53627
1.10833	-1.54279
1.11667	-1.54863
1.125	-1.55378
1.13333	-1.55826
1.14167	-1.56205
1.15	-1.56516
1.15833	-1.56759
1.16667	-1.56934
1.175	-1.57041
1.18333	-1.57079
1.19167	-1.5705
1.2	-1.56952
1.20833	-1.56787
1.21667	-1.56553
1.225	-1.56251
1.23333	-1.55881
1.24167	-1.55443
1.25	-1.54936
1.25833	-1.54362
1.26667	-1.53719
1.275	-1.53009
1.28333	-1.5223
1.29167	-1.51383
1.3	-1.50469
1.30833	-1.49486
1.31667	-1.48435
1.325	-1.47317
1.33333	-1.46131
1.34167	-1.44877
1.35	-1.43555
1.35833	-1.42166
1.36667	-1.40709
1.375	-1.39186
1.38333	-1.37595
1.39167	-1.35937
1.4	-1.34213
1.40833	-1.32422
1.41667	-1.30566
1.425	-1.28643
1.43333	-1.26656
1.44167	-1.24603
1.45	-1.22486
1.45833	-1.20304
1.46667	-1.18059
1.475	-1.15751
1.48333	-1.13381
1.49167	-1.10949
1.5	-1.08456
1.50833	-1.05902
1.51667	-1.0329
1.525	-1.00618
1.53333	-0.978896
1.54167	-0.951043
1.55	-0.922636
1.55833	-0.893685
1.56667	-0.864203
1.575	-0.834203
1.58333	-0.803699
1.59167	-0.772704
1.6	-0.741233
1.60833	-0.709302
1.61667	-0.676928
1.625	-0.644127
1.63333	-0.610917
1.64167	-0.577316
1.65	-0.543344
1.65833	-0.509019
1.66667	-0.474362
1.675	-0.439394
1.68333	-0.404136
1.69167	-0.368611
1.7	-0.332839
1.70833	-0.296846
1.71667	-0.260653
1.725	-0.224284
1.73333	-0.187764
1.74167	-0.151117
1.75	-0.114367
1.75833	-0.0775393
1.76667	-0.0406589
1.775	-0.0037509
1.78333	0.0331597
1.79167	0.0700477
1.8	0.106888
1.80833	0.143656
1.81667	0.180326
1.825	0.216874
1.83333	0.253275
1.84167	0.289506
1.85	0.325542
1.85833	0.36136
1.86667	0.396937
1.875	0.432251
1.88333	0.46728
1.89167	0.502002
1.9	0.536396
1.90833	0.570442
1.91667	0.60412
1.925	0.637411
1.93333	0.670296
1.94167	0.702759
1.95	0.734781
1.95833	0.766346
1.96667	0.797439
1.975	0.828044
1.98333	0.858148
1.99167	0.887736
2	0.916796
2.00833	0.945315
2.01667	0.973281
2.025	1.00068
2.03333	1.02751
2.04167	1.05376
2.05	1.07942
2.05833	1.10447
2.06667	1.12892
2.075	1.15275
2.08333	1.17595
2.09167	1.19853
2.1	1.22047
2.10833	1.24178
2.11667	1.26244
2.125	1.28245
2.13333	1.3018
2.14167	1.3205
2.15	1.33854
2.15833	1.35592
2.16667	1.37263
2.175	1.38868
2.18333	1.40405
2.19167	1.41875
2.2	1.43278
2.20833	1.44613
2.21667	1.45881
2.225	1.47081
2.23333	1.48214
2.24167	1.49278
2.25	1.50275
2.25833	1.51203
2.26667	1.52064
2.275	1.52856
2.28333	1.53581
2.29167	1.54237
2.3	1.54825
2.30833	1.55345
2.31667	1.55797
2.325	1.56181
2.33333	1.56497
2.34167	1.56745
2.35	1.56924
2.35833	1.57036
2.36667	1.57079
2.375	1.57054
2.38333	1.56961
2.39167	1.568
2.4	1.56571
2.40833	1.56274
2.41667	1.55908
2.425	1.55475
2.43333	1.54973
2.44167	1.54403
2.45	1.53765
2.45833	1.53059
2.46667	1.52285
2.475	1.51443
2.48333	1.50533
2.49167	1.49555
2.5	1.48509
2.50833	1.47395
2.51667	1.46213
2.525	1.44964
2.53333	1.43647
2.54167	1.42262
2.55	1.4081
2.55833	1.39291
2.56667	1.37705
2.575	1.36052
2.58333	1.34332
2.59167	1.32546
2.6	1.30694
2.60833	1.28776
2.61667	1.26792
2.625	1.24744
2.63333	1.22631
2.64167	1.20454
2.65	1.18213
2.65833	1.1591
2.66667	1.13543
2.675	1.11115
2.68333	1.08626
2.69167	1.06077
2.7	1.03468
2.70833	1.00801
2.71667	0.980763
2.725	0.952948
2.73333	0.924577
2.74167	0.895663
2.75	0.866217
2.75833	0.836251
2.76667	0.805781
2.775	0.774818
2.78333	0.74338
2.79167	0.71148
2.8	0.679135
2.80833	0.646362
2.81667	0.613179
2.825	0.579605
2.83333	0.545656
2.84167	0.511355
2.85	0.47672
2.85833	0.441772
2.86667	0.406533
2.875	0.371025
2.88333	0.33527
2.89167	0.29929
2.9	0.26311
2.90833	0.226753
2.91667	0.190242
2.925	0.153603
2.93333	0.116859
2.94167	0.080036
2.95	0.0431584
2.95833	0.00625149
2.96667	-0.0306597
2.975	-0.06755
2.98333	-0.104394
2.99167	-0.141168
3	-0.177845
3.00833	-0.214402
3.01667	-0.250814
3.025	-0.287057
3.03333	-0.323107
3.04167	-0.358941
3.05	-0.394535
3.05833	-0.429868
3.06667	-0.464917
3.075	-0.49966
3.08333	-0.534077
3.09167	-0.568147
3.1	-0.60185
3.10833	-0.635168
3.11667	-0.668082
3.125	-0.700573
3.13333	-0.732626
3.14167	-0.764222
3.15	-0.795348
3.15833	-0.825987
3.16667	-0.856125
3.175	-0.885748
3.18333	-0.914844
3.19167	-0.9434
3.2	-0.971404
3.20833	-0.998846
3.21667	-1.02572
3.225	-1.052
3.23333	-1.0777
3.24167	-1.10279
3.25	-1.12728
3.25833	-1.15115
3.26667	-1.1744
3.275	-1.19702
3.28333	-1.21901
3.29167	-1.24036
3.3	-1.26106
3.30833	-1.28111
3.31667	-1.30051
3.325	-1.31926
3.33333	-1.33734
3.34167	-1.35477
3.35	-1.37152
3.35833	-1.38761
3.36667	-1.40303
3.375	-1.41778
3.38333	-1.43185
3.39167	-1.44525
3.4	-1.45797
3.40833	-1.47002
3.41667	-1.48139
3.425	-1.49208
3.43333	-1.50209
3.44167	-1.51142
3.45	-1.52007
3.45833	-1.52805
3.46667	-1.53534
3.475	-1.54195
3.48333	-1.54787
3.49167	-1.55312
3.5	-1.55769
3.50833	-1.56157
3.51667	-1.56478
3.525	-1.5673
3.53333	-1.56914
3.54167	-1.5703
3.55	-1.57078
3.55833	-1.57058
3.56667	-1.5697
3.575	-1.56813
3.58333	-1.56589
3.59167	-1.56296
3.6	-1.55935
3.60833	-1.55506
3.61667	-1.55009
3.625	-1.54444
3.63333	-1.53811
3.64167	-1.53109
3.65	-1.5234
3.65833	-1.51502
3.66667	-1.50597
3.675	-1.49623
3.68333	-1.48582
3.69167	-1.47472
3.7	-1.46295
3.70833	-1.4505
3.71667	-1.43738
3.725	-1.42358
3.73333	-1.40911
3.74167	-1.39396
3.75	-1.37814
3.75833	-1.36166
3.76667	-1.3445
3.775	-1.32669
3.78333	-1.30821
3.79167	-1.28908
3.8	-1.26929
3.80833	-1.24885
3.81667	-1.22776
3.825	-1.20603
3.83333	-1.18367
3.84167	-1.16068
3.85	-1.13706
3.85833	-1.11282
3.86667	-1.08797
3.875	-1.06252
3.88333	-1.03647
3.89167	-1.00984
3.9	-0.982627
3.90833	-0.95485
3.91667	-0.926516
3.925	-0.897638
3.93333	-0.868228
3.94167	-0.838297
3.95	-0.80786
3.95833	-0.776931
3.96667	-0.745524
3.975	-0.713655
3.98333	-0.68134
3.99167	-0.648596
4	-0.61544
4.00833	-0.581891
4.01667	-0.547968
4.025	-0.513689
4.03333	-0.479076
4.04167	-0.444149
4.05	-0.408929
4.05833	-0.373439
4.06667	-0.337699
4.075	-0.301734
4.08333	-0.265567
4.09167	-0.229221
4.1	-0.19272
4.10833	-0.156088
4.11667	-0.119351
4.125	-0.0825325
4.13333	-0.0456578
4.14167	-0.00875206
4.15	0.0281596
4.15833	0.0650522
4.16667	0.1019
4.175	0.138679
4.18333	0.175364
4.19167	0.21193
4.2	0.248353
4.20833	0.284608
4.21667	0.320672
4.225	0.356521
4.23333	0.392132
4.24167	0.427483
4.25	0.462552
4.25833	0.497316
4.26667	0.531756
4.275	0.56585
4.28333	0.599579
4.29167	0.632924
4.3	0.665865
4.30833	0.698386
4.31667	0.730469
4.325	0.762097
4.33333	0.793254
4.34167	0.823927
4.35	0.854099
4.35833	0.883758
4.36667	0.91289
4.375	0.941483
4.38333	0.969525
4.39167	0.997005
4.4	1.02391
4.40833	1.05024
4.41667	1.07598
4.425	1.10111
4.43333	1.12564
4.44167	1.14955
4.45	1.17285
4.45833	1.19551
4.46667	1.21754
4.475	1.23893
4.48333	1.25968
4.49167	1.27977
4.5	1.29922
4.50833	1.31801
4.51667	1.33614
4.525	1.35361
4.53333	1.37041
4.54167	1.38654
4.55	1.40201
4.55833	1.4168
4.56667	1.43092
4.575	1.44436
4.58333	1.45713
4.59167	1.46923
4.6	1.48064
4.60833	1.49138
4.61667	1.50144
4.625	1.51081
4.63333	1.51951
4.64167	1.52753
4.65	1.53486
4.65833	1.54152
4.66667	1.54749
4.675	1.55279
4.68333	1.5574
4.69167	1.56133
4.7	1.56458
4.70833	1.56715
4.71667	1.56904
4.725	1.57025
4.73333	1.57077
4.74167	1.57061
4.75	1.56978
4.75833	1.56826
4.76667	1.56606
4.775	1.56318
4.78333	1.55962
4.79167	1.55537
4.8	1.55045
4.80833	1.54484
4.81667	1.53856
4.825	1.53159
4.83333	1.52394
4.84167	1.51561
4.85	1.5066
4.85833	1.49691
4.86667	1.48654
4.875	1.4755
4.88333	1.46377
4.89167	1.45137
4.9	1.43829
4.90833	1.42454
4.91667	1.41011
4.925	1.39501
4.93333	1.37924
4.94167	1.36279
4.95	1.34569
4.95833	1.32792
4.96667	1.30948
4.975	1.29039
4.98333	1.27065
4.99167	1.25025
5	1.22921
