0	0	9.81	9.81
0.00833333	0.00334153	9.80666	9.81
0.0166667	0.0133661	9.79663	9.81
0.025	0.0300737	9.77992	9.81
0.0333333	0.0534641	9.75653	9.81
0.0416667	0.083537	9.72646	9.81
0.05	0.120291	9.68971	9.81
0.0583333	0.163726	9.64627	9.81
0.0666667	0.213837	9.59616	9.81
0.075	0.270622	9.53937	9.81
0.0833333	0.334074	9.47592	9.81
0.0916667	0.404186	9.40581	9.80999
0.1	0.480946	9.32905	9.80999
0.108333	0.564341	9.24565	9.80999
0.116667	0.654352	9.15564	9.80999
0.125	0.750955	9.05903	9.80999
0.133333	0.854124	8.95586	9.80999
0.141667	0.963823	8.84616	9.80998
0.15	1.08001	8.72997	9.80998
0.158333	1.20264	8.60734	9.80998
0.166667	1.33164	8.47833	9.80997
0.175	1.46696	8.34301	9.80997
0.183333	1.60851	8.20145	9.80996
0.191667	1.7562	8.05375	9.80995
0.2	1.90994	7.90001	9.80994
0.208333	2.06959	7.74034	9.80993
0.216667	2.23503	7.57489	9.80992
0.225	2.40611	7.4038	9.80991
0.233333	2.58267	7.22723	9.8099
0.241667	2.76452	7.04537	9.80989
0.25	2.95145	6.85842	9.80987
0.258333	3.14325	6.6666	9.80985
0.266667	3.33967	6.47016	9.80984
0.275	3.54045	6.26937	9.80982
0.283333	3.74529	6.0645	9.80979
0.291667	3.9539	5.85587	9.80977
0.3	4.16592	5.64382	9.80975
0.308333	4.38101	5.42871	9.80972
0.316667	4.59878	5.21091	9.80969
0.325	4.81882	4.99084	9.80966
0.333333	5.0407	4.76893	9.80963
0.341667	5.26397	4.54562	9.8096
0.35	5.48815	4.32141	9.80956
0.358333	5.71273	4.0968	9.80952
0.366667	5.93719	3.8723	9.80949
0.375	6.16098	3.64847	9.80945
0.383333	6.38354	3.42586	9.80941
0.391667	6.6043	3.20507	9.80937
0.4	6.82265	2.98668	9.80932
0.408333	7.03798	2.7713	9.80928
0.416667	7.24967	2.55957	9.80924
0.425	7.45709	2.35211	9.80919
0.433333	7.6596	2.14955	9.80915
0.441667	7.85657	1.95253	9.8091
0.45	8.04737	1.76169	9.80906
0.458333	8.23135	1.57767	9.80902
0.466667	8.4079	1.40107	9.80897
0.475	8.5764	1.23253	9.80893
0.483333	8.73626	1.07263	9.80889
0.491667	8.8869	0.921951	9.80885
0.5	9.02777	0.781044	9.80882
0.508333	9.15835	0.650436	9.80878
0.516667	9.27813	0.530622	9.80875
0.525	9.38666	0.422061	9.80872
0.533333	9.48352	0.325176	9.8087
0.541667	9.56833	0.240346	9.80867
0.55	9.64074	0.16791	9.80865
0.558333	9.70048	0.108157	9.80864
0.566667	9.7473	0.0613262	9.80862
0.575	9.781	0.0276088	9.80861
0.583333	9.80147	0.00714146	9.80861
0.591667	9.8086	7.66777e-06	9.8086
0.6	9.80237	0.00623655	9.80861
0.608333	9.78281	0.0258027	9.80861
0.616667	9.74999	0.0586262	9.80862
0.625	9.70406	0.104574	9.80863
0.633333	9.64519	0.163459	9.80865
0.641667	9.57363	0.235045	9.80867
0.65	9.48965	0.319044	9.80869
0.658333	9.3936	0.415125	9.80872
0.666667	9.28584	0.522907	9.80875
0.675	9.16681	0.641974	9.80878
0.683333	9.03695	0.771866	9.80881
0.691667	8.89676	0.912091	9.80885
0.7	8.74676	1.06213	9.80889
0.708333	8.58751	1.22142	9.80893
0.716667	8.41958	1.3894	9.80897
0.725	8.24355	1.56546	9.80901
0.733333	8.06005	1.749	9.80906
0.741667	7.8697	1.9394	9.8091
0.75	7.67313	2.13602	9.80914
0.758333	7.47097	2.33822	9.80919
0.766667	7.26386	2.54537	9.80923
0.775	7.05244	2.75684	9.80928
0.783333	6.83734	2.97198	9.80932
0.791667	6.61917	3.19019	9.80936
0.8	6.39856	3.41084	9.8094
0.808333	6.1761	3.63334	9.80944
0.816667	5.95237	3.85711	9.80948
0.825	5.72794	4.08158	9.80952
0.833333	5.50335	4.3062	9.80956
0.841667	5.27914	4.53046	9.80959
0.85	5.05579	4.75384	9.80963
0.858333	4.8338	4.97586	9.80966
0.866667	4.61362	5.19607	9.80969
0.875	4.39568	5.41404	9.80972
0.883333	4.1804	5.62935	9.80974
0.891667	3.96815	5.84161	9.80977
0.9	3.75931	6.05048	9.80979
0.908333	3.5542	6.25561	9.80981
0.916667	3.35314	6.4567	9.80983
0.925	3.15641	6.65344	9.80985
0.933333	2.96429	6.84558	9.80987
0.941667	2.77702	7.03286	9.80989
0.95	2.59482	7.21508	9.8099
0.958333	2.4179	7.39201	9.80991
0.966667	2.24644	7.56348	9.80992
0.975	2.08062	7.72932	9.80993
0.983333	1.92057	7.88938	9.80994
0.991667	1.76643	8.04352	9.80995
1	1.61832	8.19164	9.80996
1.00833	1.47635	8.33361	9.80997
1.01667	1.34061	8.46936	9.80997
1.025	1.21117	8.5988	9.80998
1.03333	1.08811	8.72187	9.80998
1.04167	0.971489	8.83849	9.80998
1.05	0.861349	8.94864	9.80999
1.05833	0.757737	9.05225	9.80999
1.06667	0.660688	9.1493	9.80999
1.075	0.57023	9.23976	9.80999
1.08333	0.486386	9.32361	9.80999
1.09167	0.409176	9.40082	9.80999
1.1	0.338614	9.47138	9.81
1.10833	0.27471	9.53529	9.81
1.11667	0.217473	9.59252	9.81
1.125	0.166909	9.64309	9.81
1.13333	0.123023	9.68697	9.81
1.14167	0.0858158	9.72418	9.81
1.15	0.0552903	9.75471	9.81
1.15833	0.0314472	9.77855	9.81
1.16667	0.0142869	9.79571	9.81
1.175	0.00380959	9.80619	9.81
1.18333	1.53342e-05	9.80998	9.81
1.19167	0.00290414	9.80709	9.81
1.2	0.012476	9.79752	9.81
1.20833	0.0287309	9.78127	9.81
1.21667	0.0516686	9.75833	9.81
1.225	0.0812888	9.72871	9.81
1.23333	0.117591	9.69241	9.81
1.24167	0.160572	9.64942	9.81
1.25	0.210232	9.59976	9.81
1.25833	0.266565	9.54343	9.81
1.26667	0.329566	9.48043	9.81
1.275	0.399226	9.41077	9.80999
1.28333	0.475537	9.33446	9.80999
1.29167	0.558483	9.25151	9.80999
1.3	0.648046	9.16195	9.80999
1.30833	0.744204	9.06579	9.80999
1.31667	0.846928	8.96306	9.80999
1.325	0.956186	8.8538	9.80998
1.33333	1.07193	8.73805	9.80998
1.34167	1.19413	8.61585	9.80998
1.35	1.3227	8.48727	9.80997
1.35833	1.4576	8.35237	9.80997
1.36667	1.59873	8.21123	9.80996
1.375	1.74601	8.06394	9.80995
1.38333	1.89933	7.91061	9.80994
1.39167	2.05859	7.75134	9.80994
1.4	2.22364	7.58628	9.80993
1.40833	2.39435	7.41556	9.80991
1.41667	2.57054	7.23936	9.8099
1.425	2.75203	7.05785	9.80989
1.43333	2.93863	6.87124	9.80987
1.44167	3.13011	6.67975	9.80986
1.45	3.32622	6.48361	9.80984
1.45833	3.52672	6.2831	9.80982
1.46667	3.73129	6.0785	9.8098
1.475	3.93965	5.87012	9.80977
1.48333	4.15146	5.65829	9.80975
1.49167	4.36635	5.44337	9.80972
1.5	4.58395	5.22574	9.80969
1.50833	4.80385	5.00581	9.80966
1.51667	5.02562	4.78401	9.80963
1.525	5.24881	4.56078	9.8096
1.53333	5.47294	4.33662	9.80956
1.54167	5.69751	4.11202	9.80953
1.55	5.92199	3.88749	9.80949
1.55833	6.14585	3.6636	9.80945
1.56667	6.36852	3.44089	9.80941
1.575	6.58941	3.21995	9.80937
1.58333	6.80794	3.00138	9.80933
1.59167	7.0235	2.78578	9.80928
1.6	7.23545	2.57378	9.80924
1.60833	7.44318	2.36601	9.8092
1.61667	7.64605	2.1631	9.80915
1.625	7.84342	1.96569	9.80911
1.63333	8.03465	1.77441	9.80906
1.64167	8.21912	1.5899	9.80902
1.65	8.39619	1.41279	9.80898
1.65833	8.56525	1.24368	9.80894
1.66667	8.72572	1.08318	9.80889
1.675	8.877	0.931856	9.80886
1.68333	9.01855	0.79027	9.80882
1.69167	9.14984	0.658948	9.80879
1.7	9.27037	0.538388	9.80875
1.70833	9.37967	0.429051	9.80872
1.71667	9.47733	0.331362	9.8087
1.725	9.56297	0.245705	9.80867
1.73333	9.63623	0.17242	9.80865
1.74167	9.69684	0.111799	9.80864
1.75	9.74454	0.0640864	9.80862
1.75833	9.77914	0.0294757	9.80861
1.76667	9.8005	0.00810758	9.80861
1.775	9.80854	6.90097e-05	9.8086
1.78333	9.80321	0.00539287	9.80861
1.79167	9.78455	0.0240574	9.80861
1.8	9.75263	0.0559865	9.80862
1.80833	9.70758	0.10105	9.80863
1.81667	9.64958	0.159066	9.80865
1.825	9.57887	0.2298	9.80867
1.83333	9.49572	0.312969	9.80869
1.84167	9.40048	0.408242	9.80872
1.85	9.2935	0.515245	9.80875
1.85833	9.17522	0.633561	9.80878
1.86667	9.04608	0.762734	9.80881
1.875	8.90657	0.902276	9.80885
1.88333	8.75722	1.05166	9.80889
1.89167	8.59858	1.21035	9.80893
1.9	8.43121	1.37775	9.80897
1.90833	8.25572	1.55329	9.80901
1.91667	8.07271	1.73635	9.80905
1.925	7.8828	1.9263	9.8091
1.93333	7.68663	2.12251	9.80914
1.94167	7.48483	2.32436	9.80919
1.95	7.27803	2.5312	9.80923
1.95833	7.06688	2.74239	9.80927
1.96667	6.85201	2.95731	9.80932
1.975	6.63404	3.17532	9.80936
1.98333	6.41357	3.39583	9.8094
1.99167	6.19122	3.61822	9.80944
2	5.96756	3.84192	9.80948
2.00833	5.74316	4.06636	9.80952
2.01667	5.51856	4.29099	9.80956
2.025	5.2943	4.51529	9.80959
2.03333	5.07088	4.73874	9.80962
2.04167	4.84878	4.96087	9.80966
2.05	4.62847	5.18122	9.80969
2.05833	4.41037	5.39935	9.80972
2.06667	4.19489	5.61485	9.80974
2.075	3.98243	5.82734	9.80977
2.08333	3.77334	6.03645	9.80979
2.09167	3.56797	6.24184	9.80981
2.1	3.36662	6.44321	9.80983
2.10833	3.1696	6.64025	9.80985
2.11667	2.97716	6.83271	9.80987
2.125	2.78955	7.02034	9.80988
2.13333	2.607	7.2029	9.8099
2.14167	2.42972	7.38019	9.80991
2.15	2.25788	7.55204	9.80992
2.15833	2.09167	7.71826	9.80993
2.16667	1.93122	7.87872	9.80994
2.175	1.77668	8.03327	9.80995
2.18333	1.62816	8.18179	9.80996
2.19167	1.48577	8.32419	9.80996
2.2	1.34961	8.46036	9.80997
2.20833	1.21974	8.59023	9.80998
2.21667	1.09625	8.71373	9.80998
2.225	0.979185	8.8308	9.80998
2.23333	0.868605	8.94138	9.80999
2.24167	0.764549	9.04544	9.80999
2.25	0.667054	9.14294	9.80999
2.25833	0.576149	9.23384	9.80999
2.26667	0.491857	9.31814	9.80999
2.275	0.414197	9.3958	9.80999
2.28333	0.343184	9.46681	9.81
2.29167	0.278828	9.53117	9.81
2.3	0.22114	9.58886	9.81
2.30833	0.170124	9.63987	9.81
2.31667	0.125785	9.68421	9.81
2.325	0.0881254	9.72187	9.81
2.33333	0.0571472	9.75285	9.81
2.34167	0.0328514	9.77715	9.81
2.35	0.0152383	9.79476	9.81
2.35833	0.00430832	9.80569	9.81
2.36667	6.1337e-05	9.80994	9.81
2.375	0.00249742	9.8075	9.81
2.38333	0.0116166	9.79838	9.81
2.39167	0.0274187	9.78258	9.81
2.4	0.0499038	9.76009	9.81
2.40833	0.0790713	9.73093	9.81
2.41667	0.11492	9.69508	9.81
2.425	0.15745	9.65255	9.81
2.43333	0.206657	9.60334	9.81
2.44167	0.262538	9.54746	9.81
2.45	0.325087	9.48491	9.81
2.45833	0.394297	9.4157	9.80999
2.46667	0.470158	9.33984	9.80999
2.475	0.552654	9.25734	9.80999
2.48333	0.64177	9.16822	9.80999
2.49167	0.737482	9.07251	9.80999
2.5	0.839763	8.97022	9.80999
2.50833	0.948579	8.8614	9.80998
2.51667	1.06389	8.74609	9.80998
2.525	1.18565	8.62433	9.80998
2.53333	1.31379	8.49618	9.80997
2.54167	1.44826	8.36171	9.80997
2.55	1.58897	8.22099	9.80996
2.55833	1.73584	8.07411	9.80995
2.56667	1.88876	7.92119	9.80995
2.575	2.04762	7.76232	9.80994
2.58333	2.21228	7.59764	9.80993
2.59167	2.38261	7.4273	9.80991
2.6	2.55843	7.25147	9.8099
2.60833	2.73958	7.07031	9.80989
2.61667	2.92583	6.88404	9.80987
2.625	3.11699	6.69287	9.80986
2.63333	3.3128	6.49704	9.80984
2.64167	3.513	6.29682	9.80982
2.65	3.71731	6.09248	9.8098
2.65833	3.92543	5.88435	9.80977
2.66667	4.13701	5.67274	9.80975
2.675	4.3517	5.45802	9.80972
2.68333	4.56913	5.24056	9.80969
2.69167	4.78889	5.02077	9.80966
2.7	5.01055	4.79908	9.80963
2.70833	5.23366	4.57594	9.8096
2.71667	5.45774	4.35183	9.80957
2.725	5.68229	4.12723	9.80953
2.73333	5.9068	3.90269	9.80949
2.74167	6.13072	3.67873	9.80945
2.75	6.35348	3.45593	9.80941
2.75833	6.57452	3.23485	9.80937
2.76667	6.79323	3.0161	9.80933
2.775	7.009	2.80028	9.80929
2.78333	7.22122	2.58802	9.80924
2.79167	7.42926	2.37994	9.8092
2.8	7.63247	2.17668	9.80915
2.80833	7.83024	1.97887	9.80911
2.81667	8.0219	1.78716	9.80907
2.825	8.20685	1.60218	9.80902
2.83333	8.38444	1.42454	9.80898
2.84167	8.55407	1.25487	9.80894
2.85	8.71513	1.09377	9.8089
2.85833	8.86705	0.941805	9.80886
2.86667	9.00928	0.799543	9.80882
2.875	9.14128	0.66751	9.80879
2.88333	9.26255	0.546206	9.80876
2.89167	9.37263	0.436094	9.80873
2.9	9.47109	0.337604	9.8087
2.90833	9.55755	0.251121	9.80867
2.91667	9.63167	0.176987	9.80865
2.925	9.69314	0.1155	9.80864
2.93333	9.74172	0.0669067	9.80862
2.94167	9.77721	0.0314035	9.80861
2.95	9.79947	0.00913488	9.80861
2.95833	9.80841	0.000191692	9.8086
2.96667	9.804	0.00461043	9.80861
2.975	9.78624	0.022373	9.80861
2.98333	9.75521	0.0534071	9.80862
2.99167	9.71105	0.0975862	9.80863
3	9.65392	0.154731	9.80865
3.00833	9.58406	0.224612	9.80867
3.01667	9.50174	0.306948	9.80869
3.025	9.4073	0.401413	9.80872
3.03333	9.30111	0.507634	9.80874
3.04167	9.18358	0.625197	9.80878
3.05	9.05516	0.753651	9.80881
3.05833	8.91634	0.892506	9.80885
3.06667	8.76764	1.04124	9.80888
3.075	8.60961	1.19932	9.80892
3.08333	8.44281	1.36615	9.80897
3.09167	8.26785	1.54116	9.80901
3.1	8.08533	1.72372	9.80905
3.10833	7.89587	1.91322	9.80909
3.11667	7.7001	2.10904	9.80914
3.125	7.49866	2.31052	9.80918
3.13333	7.29219	2.51704	9.80923
3.14167	7.08131	2.72796	9.80927
3.15	6.86667	2.94264	9.80931
3.15833	6.64889	3.16047	9.80936
3.16667	6.42857	3.38083	9.8094
3.175	6.20633	3.60311	9.80944
3.18333	5.98274	3.82674	9.80948
3.19167	5.75837	4.05115	9.80952
3.2	5.53377	4.27578	9.80955
3.20833	5.30947	4.50012	9.80959
3.21667	5.08598	4.72364	9.80962
3.225	4.86378	4.94588	9.80965
3.23333	4.64333	5.16636	9.80968
3.24167	4.42506	5.38465	9.80971
3.25	4.2094	5.60034	9.80974
3.25833	3.99672	5.81305	9.80977
3.26667	3.78739	6.0224	9.80979
3.275	3.58176	6.22805	9.80981
3.28333	3.38013	6.4297	9.80983
3.29167	3.1828	6.62705	9.80985
3.3	2.99004	6.81982	9.80987
3.30833	2.8021	7.00778	9.80988
3.31667	2.6192	7.19069	9.8099
3.325	2.44156	7.36835	9.80991
3.33333	2.26935	7.54057	9.80992
3.34167	2.10275	7.70718	9.80993
3.35	1.94191	7.86803	9.80994
3.35833	1.78696	8.02299	9.80995
3.36667	1.63803	8.17193	9.80996
3.375	1.49522	8.31474	9.80996
3.38333	1.35863	8.45134	9.80997
3.39167	1.22834	8.58164	9.80997
3.4	1.10441	8.70557	9.80998
3.40833	0.986911	8.82307	9.80998
3.41667	0.87589	8.9341	9.80999
3.425	0.771392	9.0386	9.80999
3.43333	0.673451	9.13654	9.80999
3.44167	0.582099	9.22789	9.80999
3.45	0.497358	9.31264	9.80999
3.45833	0.419248	9.39075	9.80999
3.46667	0.347784	9.46221	9.81
3.475	0.282978	9.52702	9.81
3.48333	0.224837	9.58516	9.81
3.49167	0.173369	9.63663	9.81
3.5	0.128578	9.68142	9.81
3.50833	0.0904655	9.71953	9.81
3.51667	0.0590347	9.75096	9.81
3.525	0.0342862	9.77571	9.81
3.53333	0.0162205	9.79378	9.81
3.54167	0.00483771	9.80516	9.81
3.55	0.000138008	9.80986	9.81
3.55833	0.00212137	9.80788	9.81
3.56667	0.0107878	9.79921	9.81
3.575	0.0261372	9.78386	9.81
3.58333	0.0481696	9.76183	9.81
3.59167	0.0768844	9.73311	9.81
3.6	0.112281	9.69772	9.81
3.60833	0.154358	9.65564	9.81
3.61667	0.203113	9.60688	9.81
3.625	0.258542	9.55145	9.81
3.63333	0.32064	9.48936	9.81
3.64167	0.389399	9.4206	9.80999
3.65	0.464809	9.34518	9.80999
3.65833	0.546857	9.26314	9.80999
3.66667	0.635525	9.17447	9.80999
3.675	0.730791	9.0792	9.80999
3.68333	0.832627	8.97736	9.80999
3.69167	0.941002	8.86898	9.80998
3.7	1.05587	8.75411	9.80998
3.70833	1.1772	8.63278	9.80998
3.71667	1.30491	8.50506	9.80997
3.725	1.43895	8.37101	9.80997
3.73333	1.57924	8.23072	9.80996
3.74167	1.7257	8.08426	9.80995
3.75	1.87821	7.93173	9.80995
3.75833	2.03667	7.77327	9.80994
3.76667	2.20095	7.60898	9.80993
3.775	2.3709	7.43902	9.80992
3.78333	2.54635	7.26355	9.8099
3.79167	2.72714	7.08275	9.80989
3.8	2.91306	6.89682	9.80987
3.80833	3.10389	6.70597	9.80986
3.81667	3.29939	6.51045	9.80984
3.825	3.49931	6.31051	9.80982
3.83333	3.70335	6.10645	9.8098
3.84167	3.91121	5.89856	9.80978
3.85	4.12257	5.68718	9.80975
3.85833	4.33707	5.47266	9.80972
3.86667	4.55432	5.25537	9.8097
3.875	4.77394	5.03573	9.80967
3.88333	4.99548	4.81415	9.80964
3.89167	5.21851	4.59109	9.8096
3.9	5.44254	4.36703	9.80957
3.90833	5.66708	4.14245	9.80953
3.91667	5.89161	3.91789	9.80949
3.925	6.11558	3.69388	9.80946
3.93333	6.33844	3.47097	9.80942
3.94167	6.55961	3.24976	9.80937
3.95	6.7785	3.03083	9.80933
3.95833	6.99449	2.8148	9.80929
3.96667	7.20697	2.60227	9.80925
3.975	7.41531	2.39389	9.8092
3.98333	7.61887	2.19028	9.80916
3.99167	7.81702	1.99209	9.80911
4	8.00913	1.79994	9.80907
4.00833	8.19454	1.61448	9.80903
4.01667	8.37265	1.43633	9.80898
4.025	8.54284	1.2661	9.80894
4.03333	8.7045	1.1044	9.8089
4.04167	8.85706	0.951799	9.80886
4.05	8.99996	0.808863	9.80882
4.05833	9.13267	0.676121	9.80879
4.06667	9.25468	0.554075	9.80876
4.075	9.36554	0.443191	9.80873
4.08333	9.4648	0.343901	9.8087
4.09167	9.55208	0.256593	9.80868
4.1	9.62704	0.181613	9.80866
4.10833	9.68938	0.119261	9.80864
4.11667	9.73884	0.0697871	9.80862
4.125	9.77522	0.033392	9.80861
4.13333	9.79838	0.0102234	9.80861
4.14167	9.80823	0.000375714	9.8086
4.15	9.80472	0.00388924	9.80861
4.15833	9.78786	0.0207496	9.80861
4.16667	9.75773	0.050888	9.80862
4.175	9.71445	0.0941817	9.80863
4.18333	9.65819	0.150455	9.80865
4.19167	9.58918	0.219481	9.80867
4.2	9.5077	0.300984	9.80869
4.20833	9.41408	0.394638	9.80871
4.21667	9.30867	0.500075	9.80874
4.225	9.19189	0.616884	9.80877
4.23333	9.06419	0.744615	9.80881
4.24167	8.92606	0.882782	9.80884
4.25	8.77801	1.03087	9.80888
4.25833	8.6206	1.18832	9.80892
4.26667	8.45438	1.35458	9.80896
4.275	8.27995	1.52905	9.809
4.28333	8.09792	1.71113	9.80905
4.29167	7.90891	1.90018	9.80909
4.3	7.71355	2.09559	9.80914
4.30833	7.51247	2.29671	9.80918
4.31667	7.30632	2.5029	9.80922
4.325	7.09572	2.71354	9.80927
4.33333	6.88132	2.92799	9.80931
4.34167	6.66373	3.14563	9.80935
4.35	6.44357	3.36583	9.8094
4.35833	6.22143	3.588	9.80944
4.36667	5.99792	3.81156	9.80948
4.375	5.77358	4.03593	9.80951
4.38333	5.54898	4.26057	9.80955
4.39167	5.32465	4.48494	9.80959
4.4	5.10109	4.70854	9.80962
4.40833	4.87878	4.93087	9.80965
4.41667	4.6582	5.15149	9.80968
4.425	4.43977	5.36994	9.80971
4.43333	4.22392	5.58582	9.80974
4.44167	4.01102	5.79874	9.80976
4.45	3.80146	6.00833	9.80979
4.45833	3.59557	6.21424	9.80981
4.46667	3.39366	6.41617	9.80983
4.475	3.19603	6.61382	9.80985
4.48333	3.00295	6.80692	9.80987
4.49167	2.81468	6.99521	9.80988
4.5	2.63143	7.17847	9.8099
4.50833	2.45342	7.35649	9.80991
4.51667	2.28084	7.52908	9.80992
4.525	2.11385	7.69608	9.80993
4.53333	1.95262	7.85732	9.80994
4.54167	1.79727	8.01268	9.80995
4.55	1.64793	8.16203	9.80996
4.55833	1.5047	8.30526	9.80996
4.56667	1.36769	8.44228	9.80997
4.575	1.23696	8.57301	9.80997
4.58333	1.1126	8.69738	9.80998
4.59167	0.994667	8.81532	9.80998
4.6	0.883205	8.92678	9.80999
4.60833	0.778264	9.03172	9.80999
4.61667	0.679878	9.13011	9.80999
4.625	0.588078	9.22191	9.80999
4.63333	0.502889	9.3071	9.80999
4.64167	0.424329	9.38566	9.80999
4.65	0.352415	9.45758	9.81
4.65833	0.287157	9.52284	9.81
4.66667	0.228565	9.58143	9.81
4.675	0.176645	9.63335	9.81
4.68333	0.131401	9.6786	9.81
4.69167	0.0928364	9.71716	9.81
4.7	0.0609529	9.74904	9.81
4.70833	0.0357517	9.77425	9.81
4.71667	0.0172333	9.79276	9.81
4.725	0.00539778	9.8046	9.81
4.73333	0.000245348	9.80975	9.81
4.74167	0.00177598	9.80822	9.81
4.75	0.00998967	9.80001	9.81
4.75833	0.0248864	9.78511	9.81
4.76667	0.046466	9.76353	9.81
4.775	0.0747282	9.73527	9.81
4.78333	0.109672	9.70032	9.81
4.79167	0.151297	9.6587	9.81
4.8	0.199599	9.6104	9.81
4.80833	0.254576	9.55542	9.81
4.81667	0.316223	9.49377	9.81
4.825	0.384531	9.42546	9.80999
4.83333	0.459491	9.3505	9.80999
4.84167	0.541089	9.2689	9.80999
4.85	0.629309	9.18068	9.80999
4.85833	0.724129	9.08586	9.80999
4.86667	0.825522	8.98446	9.80999
4.875	0.933455	8.87653	9.80998
4.88333	1.04789	8.76209	9.80998
4.89167	1.16877	8.6412	9.80998
4.9	1.29606	8.51391	9.80997
4.90833	1.42967	8.38029	9.80997
4.91667	1.56954	8.24042	9.80996
4.925	1.71558	8.09437	9.80995
4.93333	1.86769	7.94226	9.80995
4.94167	2.02575	7.78419	9.80994
4.95	2.18964	7.62029	9.80993
4.95833	2.35921	7.45071	9.80992
4.96667	2.5343	7.27561	9.8099
4.975	2.71473	7.09516	9.80989
4.98333	2.90031	6.90957	9.80988
4.99167	3.09081	6.71905	9.80986
5	3.28601	6.52384	9.80984
