1.5708	0
1.57031	-0.0981
1.56883	-0.1962
1.56638	-0.294299
1.56295	-0.392397
1.55853	-0.490492
1.55314	-0.588581
1.54676	-0.686659
1.5394	-0.784721
1.53107	-0.882758
1.52175	-0.98076
1.51145	-1.07871
1.50018	-1.17661
1.48792	-1.27442
1.47469	-1.37212
1.46048	-1.4697
1.44529	-1.56711
1.42914	-1.66434
1.41201	-1.76133
1.39391	-1.85804
1.37485	-1.95444
1.35482	-2.05046
1.33384	-2.14605
1.3119	-2.24115
1.28901	-2.33568
1.26519	-2.42957
1.24042	-2.52274
1.21473	-2.61512
1.18812	-2.70659
1.1606	-2.79707
1.13218	-2.88646
1.10287	-2.97465
1.07269	-3.06151
1.04164	-3.14694
1.00975	-3.23082
0.977023	-3.313
0.943486	-3.39337
0.909156	-3.47178
0.874051	-3.5481
0.838194	-3.62218
0.801607	-3.69389
0.764316	-3.76307
0.726346	-3.82959
0.687724	-3.89331
0.64848	-3.95407
0.608643	-4.01174
0.568245	-4.06618
0.527319	-4.11726
0.4859	-4.16485
0.444022	-4.20882
0.401723	-4.24907
0.359041	-4.28549
0.316014	-4.31797
0.272682	-4.34642
0.229085	-4.37077
0.185266	-4.39094
0.141266	-4.40688
0.0971286	-4.41855
0.0528956	-4.4259
0.00861069	-4.42891
-0.0356827	-4.42758
-0.079941	-4.42192
-0.124121	-4.41193
-0.16818	-4.39764
-0.212074	-4.37911
-0.255762	-4.35638
-0.299201	-4.32951
-0.342352	-4.29859
-0.385173	-4.26369
-0.427626	-4.22492
-0.469672	-4.18238
-0.511273	-4.13618
-0.552395	-4.08644
-0.593002	-4.03329
-0.633061	-3.97686
-0.672539	-3.91729
-0.711407	-3.8547
-0.749634	-3.78926
-0.787192	-3.72109
-0.824055	-3.65035
-0.860199	-3.57717
-0.895599	-3.50171
-0.930233	-3.42409
-0.964081	-3.34447
-0.997122	-3.26298
-1.02934	-3.17974
-1.06072	-3.0949
-1.09124	-3.00858
-1.12089	-2.92089
-1.14966	-2.83196
-1.17753	-2.74189
-1.20449	-2.65079
-1.23054	-2.55876
-1.25567	-2.46588
-1.27986	-2.37226
-1.30311	-2.27797
-1.32542	-2.18308
-1.34678	-2.08768
-1.36717	-1.99182
-1.38661	-1.89556
-1.40509	-1.79896
-1.42259	-1.70207
-1.43913	-1.60493
-1.45469	-1.50759
-1.46928	-1.41007
-1.48289	-1.31241
-1.49553	-1.21464
-1.50718	-1.11678
-1.51786	-1.01885
-1.52756	-0.920863
-1.53628	-0.822838
-1.54402	-0.724785
-1.55078	-0.626712
-1.55655	-0.528627
-1.56135	-0.430534
-1.56516	-0.332437
-1.568	-0.234338
-1.56985	-0.136238
-1.57072	-0.0381385
-1.57061	0.0599615
-1.56952	0.158061
-1.56745	0.256161
-1.5644	0.35426
-1.56037	0.452356
-1.55535	0.550448
-1.54936	0.648531
-1.54238	0.7466
-1.53443	0.844647
-1.52549	0.942664
-1.51557	1.04064
-1.50468	1.13856
-1.4928	1.2364
-1.47995	1.33415
-1.46612	1.43178
-1.45131	1.52926
-1.43553	1.62656
-1.41878	1.72365
-1.40106	1.82048
-1.38237	1.91701
-1.36272	2.01318
-1.34211	2.10894
-1.32054	2.20424
-1.29802	2.299
-1.27456	2.39315
-1.25016	2.48661
-1.22483	2.57931
-1.19857	2.67114
-1.17141	2.76202
-1.14333	2.85185
-1.11437	2.94051
-1.08452	3.02791
-1.05381	3.11391
-1.02225	3.1984
-0.989843	3.28126
-0.95662	3.36235
-0.922596	3.44154
-0.887789	3.51868
-0.852222	3.59365
-0.815916	3.6663
-0.778896	3.73648
-0.741187	3.80406
-0.702815	3.86888
-0.663809	3.9308
-0.624199	3.98969
-0.584015	4.0454
-0.543291	4.09781
-0.502059	4.14677
-0.460355	4.19216
-0.418216	4.23387
-0.375678	4.27179
-0.33278	4.30581
-0.289562	4.33584
-0.246063	4.36179
-0.202326	4.3836
-0.158391	4.40119
-0.114302	4.41452
-0.0701007	4.42355
-0.0258308	4.42825
0.0184644	4.42862
0.0627415	4.42464
0.106957	4.41632
0.151068	4.40371
0.195031	4.38682
0.238804	4.36571
0.282345	4.34044
0.325613	4.31109
0.368567	4.27772
0.411168	4.24045
0.453376	4.19936
0.495155	4.15457
0.536467	4.10619
0.577279	4.05435
0.617554	3.99918
0.657262	3.94081
0.696371	3.87938
0.73485	3.81503
0.772671	3.74791
0.809808	3.67815
0.846234	3.6059
0.881926	3.53131
0.916861	3.45451
0.951016	3.37565
0.984374	3.29487
1.01691	3.2123
1.04862	3.12807
1.07948	3.04231
1.10947	2.95514
1.13858	2.86668
1.1668	2.77704
1.19412	2.68632
1.22053	2.59464
1.24601	2.50208
1.27057	2.40874
1.29419	2.3147
1.31686	2.22004
1.33859	2.12483
1.35936	2.02914
1.37917	1.93303
1.39802	1.83655
1.4159	1.73977
1.43281	1.64273
1.44876	1.54546
1.46372	1.448
1.47772	1.3504
1.49073	1.25267
1.50277	1.15484
1.51383	1.05693
1.52391	0.958962
1.53301	0.860951
1.54113	0.762908
1.54827	0.664842
1.55442	0.566761
1.5596	0.468671
1.5638	0.370575
1.56701	0.272476
1.56925	0.174377
1.5705	0.076277
1.57077	-0.021823
1.57006	-0.119923
1.56837	-0.218023
1.5657	-0.316122
1.56205	-0.41422
1.55742	-0.512313
1.5518	-0.6104
1.54521	-0.708475
1.53764	-0.806532
1.52908	-0.904563
1.51954	-1.00256
1.50903	-1.1005
1.49753	-1.19837
1.48506	-1.29616
1.47161	-1.39384
1.45718	-1.49138
1.44178	-1.58876
1.42541	-1.68593
1.40806	-1.78287
1.38975	-1.87952
1.37047	-1.97584
1.35023	-2.07177
1.32904	-2.16725
1.30689	-2.26223
1.28379	-2.35662
1.25976	-2.45036
1.23479	-2.54337
1.20889	-2.63555
1.18208	-2.72681
1.15435	-2.81706
1.12573	-2.90619
1.09623	-2.99409
1.06585	-3.08065
1.03462	-3.16574
1.00254	-3.24925
0.969632	-3.33104
0.935917	-3.41098
0.901413	-3.48894
0.866139	-3.56477
0.830117	-3.63834
0.793372	-3.7095
0.755927	-3.77811
0.71781	-3.84401
0.679047	-3.90708
0.639668	-3.96717
0.599703	-4.02413
0.559185	-4.07784
0.518147	-4.12815
0.476622	-4.17495
0.434648	-4.2181
0.39226	-4.25751
0.349498	-4.29306
0.306399	-4.32465
0.263005	-4.35219
0.219355	-4.37562
0.175492	-4.39486
0.131458	-4.40985
0.0872954	-4.42055
0.043047	-4.42694
-0.00124348	-4.42899
-0.0455328	-4.4267
-0.0897774	-4.42007
-0.133934	-4.40912
-0.17796	-4.39389
-0.221812	-4.37441
-0.265448	-4.35076
-0.308827	-4.32298
-0.351908	-4.29116
-0.39465	-4.2554
-0.437016	-4.21578
-0.478966	-4.17241
-0.520464	-4.12542
-0.561474	-4.07491
-0.601962	-4.02102
-0.641895	-3.96388
-0.68124	-3.90362
-0.719967	-3.84039
-0.758047	-3.77432
-0.795453	-3.70557
-0.832159	-3.63427
-0.868139	-3.56058
-0.90337	-3.48462
-0.937831	-3.40655
-0.971501	-3.3265
-1.00436	-3.24461
-1.03639	-3.16101
-1.06758	-3.07582
-1.09791	-2.98919
-1.12737	-2.90121
-1.15593	-2.81202
-1.18361	-2.72171
-1.21037	-2.63039
-1.23621	-2.53817
-1.26113	-2.44512
-1.28512	-2.35134
-1.30816	-2.25691
-1.33025	-2.1619
-1.3514	-2.06639
-1.37158	-1.97044
-1.39081	-1.8741
-1.40906	-1.77743
-1.42635	-1.68048
-1.44267	-1.5833
-1.45802	-1.48591
-1.47239	-1.38836
-1.48579	-1.29067
-1.49821	-1.19288
-1.50964	-1.095
-1.52011	-0.997055
-1.52959	-0.89906
-1.53809	-0.801028
-1.54561	-0.702969
-1.55215	-0.604893
-1.5577	-0.506806
-1.56228	-0.408712
-1.56588	-0.310615
-1.56849	-0.212515
-1.57013	-0.114415
-1.57078	-0.0163154
-1.57046	0.0817845
-1.56915	0.179884
-1.56686	0.277984
-1.56359	0.376082
-1.55934	0.474178
-1.5541	0.572268
-1.54789	0.670348
-1.5407	0.768413
-1.53252	0.866455
-1.52337	0.964464
-1.51323	1.06243
-1.50212	1.16033
-1.49003	1.25816
-1.47696	1.35588
-1.46291	1.45348
-1.44789	1.55092
-1.43189	1.64818
-1.41492	1.74521
-1.39699	1.84198
-1.37808	1.93843
-1.35822	2.03452
-1.33739	2.13019
-1.31561	2.22537
-1.29289	2.32
-1.26921	2.414
-1.24461	2.5073
-1.21907	2.59981
-1.19261	2.69144
-1.16524	2.7821
-1.13697	2.87168
-1.10781	2.96007
-1.07777	3.04716
-1.04686	3.13284
-1.01511	3.21698
-0.982522	3.29946
-0.94912	3.38013
-0.91492	3.45888
-0.879942	3.53555
-0.844209	3.61002
-0.807742	3.68213
-0.770566	3.75175
-0.732707	3.81872
-0.694191	3.88291
-0.655049	3.94417
-0.615308	4.00237
-0.575001	4.05735
-0.534161	4.109
-0.492821	4.15718
-0.451017	4.20176
-0.408786	4.24264
-0.366165	4.2797
-0.323192	4.31284
-0.279908	4.34197
-0.236353	4.36701
-0.192568	4.38788
-0.148595	4.40453
-0.104477	4.4169
-0.0602569	4.42497
-0.0159777	4.42871
0.0283173	4.42811
0.0725845	4.42316
0.11678	4.41389
0.160862	4.40032
0.204787	4.38249
0.248512	4.36045
0.291996	4.33426
0.335197	4.30401
0.378076	4.26977
0.420592	4.23163
0.462709	4.18971
0.504387	4.14411
0.545591	4.09495
0.586286	4.04236
0.626438	3.98647
0.666015	3.92741
0.704986	3.86532
0.743321	3.80034
0.780993	3.73261
0.817974	3.66229
0.854239	3.5895
0.889764	3.51441
0.924527	3.43714
0.958507	3.35784
0.991684	3.27665
1.02404	3.1937
1.05556	3.10912
1.08622	3.02304
1.11602	2.93557
1.14493	2.84683
1.17296	2.75695
1.20007	2.66601
1.22628	2.57412
1.25155	2.48138
1.2759	2.38788
1.29931	2.29369
1.32178	2.1989
1.34329	2.10358
1.36385	2.00779
1.38345	1.9116
1.40208	1.81505
1.41975	1.71821
1.43644	1.62111
1.45217	1.52379
1.46692	1.4263
1.4807	1.32866
1.49349	1.23091
1.50531	1.13306
1.51615	1.03514
1.52602	0.937163
1.5349	0.839143
1.5428	0.741094
1.54972	0.643024
1.55566	0.544941
1.56062	0.446849
1.5646	0.348752
1.56759	0.250654
1.56961	0.152554
1.57064	0.0544539
1.5707	-0.0436461
1.56977	-0.141746
1.56786	-0.239846
1.56498	-0.337945
1.56111	-0.436042
1.55625	-0.534134
1.55042	-0.632219
1.54361	-0.73029
1.53582	-0.828342
1.52704	-0.926365
1.51729	-1.02435
1.50656	-1.12228
1.49484	-1.22013
1.48215	-1.3179
1.46849	-1.41555
1.45384	-1.51306
1.43822	-1.61039
1.42163	-1.70752
1.40407	-1.80439
1.38555	-1.90097
1.36605	-1.99721
1.3456	-2.09305
1.32419	-2.18843
1.30183	-2.28328
1.27853	-2.37754
1.25428	-2.47112
1.22911	-2.56395
1.203	-2.65593
1.17599	-2.74698
1.14806	-2.83699
1.11925	-2.92585
1.08955	-3.01346
1.05898	-3.09971
1.02755	-3.18446
0.995289	-3.2676
0.962201	-3.34899
0.928309	-3.4285
0.893631	-3.506
0.858189	-3.58134
0.822005	-3.65439
0.785101	-3.72499
0.747505	-3.79301
0.709241	-3.8583
0.670339	-3.92071
0.630827	-3.98011
0.590737	-4.03636
0.5501	-4.08933
0.50895	-4.13887
0.467322	-4.18487
0.425253	-4.2272
0.382778	-4.26575
0.339938	-4.30043
0.29677	-4.33113
0.253315	-4.35776
0.209615	-4.38026
0.16571	-4.39856
0.121643	-4.4126
0.0774579	-4.42235
0.0331964	-4.42777
-0.0110976	-4.42886
-0.0553807	-4.4256
-0.0996095	-4.41801
-0.143741	-4.4061
-0.187732	-4.38992
-0.231539	-4.36951
-0.275122	-4.34493
-0.318438	-4.31625
-0.361447	-4.28355
-0.404109	-4.24691
-0.446385	-4.20645
-0.488238	-4.16227
-0.52963	-4.11448
-0.570527	-4.06321
-0.610895	-4.00858
-0.650699	-3.95074
-0.689909	-3.88981
-0.728495	-3.82593
-0.766428	-3.75926
-0.80368	-3.68993
-0.840226	-3.61808
-0.876042	-3.54387
-0.911104	-3.46743
-0.945391	-3.38891
-0.978882	-3.30843
-1.01156	-3.22615
-1.0434	-3.14219
-1.0744	-3.05667
-1.10454	-2.96973
-1.1338	-2.88147
-1.16217	-2.79202
-1.18964	-2.70148
-1.2162	-2.60995
-1.24184	-2.51753
-1.26655	-2.42432
-1.29032	-2.33039
-1.31316	-2.23582
-1.33504	-2.1407
-1.35597	-2.04508
-1.37594	-1.94904
-1.39495	-1.85262
-1.41299	-1.75589
-1.43007	-1.65888
-1.44617	-1.56165
-1.4613	-1.46422
-1.47546	-1.36664
-1.48863	-1.26893
-1.50083	-1.17111
-1.51206	-1.07322
-1.5223	-0.975259
-1.53156	-0.877255
-1.53984	-0.779216
-1.54715	-0.681153
-1.55347	-0.583074
-1.55881	-0.484985
-1.56317	-0.38689
-1.56655	-0.288792
-1.56894	-0.190692
-1.57036	-0.0925924
-1.57079	0.00550759
-1.57025	0.103608
-1.56872	0.201707
-1.56621	0.299807
-1.56273	0.397905
-1.55826	0.495999
-1.55281	0.594087
-1.54637	0.692165
-1.53896	0.790225
-1.53057	0.888261
-1.5212	0.986261
-1.51085	1.08421
-1.49951	1.1821
-1.4872	1.2799
-1.47392	1.3776
-1.45965	1.47517
-1.44441	1.57258
-1.4282	1.66979
-1.41102	1.76676
-1.39286	1.86347
-1.37375	1.95984
-1.35367	2.05584
-1.33263	2.1514
-1.31064	2.24647
-1.2877	2.34097
-1.26382	2.43482
-1.239	2.52795
-1.21326	2.62028
-1.1866	2.7117
-1.15903	2.80212
-1.13056	2.89145
-1.1012	2.97956
-1.07097	3.06635
-1.03987	3.1517
-1.00793	3.23548
-0.975162	3.31756
-0.94158	3.39782
-0.907205	3.47612
-0.872058	3.55232
-0.836159	3.62627
-0.799532	3.69784
-0.762202	3.76688
-0.724195	3.83325
-0.685537	3.8968
-0.646259	3.95739
-0.606389	4.01488
-0.565961	4.06914
-0.525007	4.12002
-0.483561	4.16741
-0.441658	4.21118
-0.399337	4.25122
-0.356634	4.28742
-0.313589	4.31967
-0.270241	4.3479
-0.226631	4.37201
-0.1828	4.39195
-0.138792	4.40765
-0.0946474	4.41907
-0.0504103	4.42618
-0.00612376	4.42895
0.0381688	4.42738
0.0824239	4.42147
0.126598	4.41124
0.170649	4.39672
0.214533	4.37794
0.258208	4.35498
0.301632	4.32788
0.344765	4.29673
0.387567	4.26162
0.429997	4.22263
0.472019	4.17988
0.513595	4.13348
0.554689	4.08355
0.595266	4.03021
0.635293	3.9736
0.674738	3.91385
0.71357	3.8511
0.75176	3.7855
0.78928	3.71719
0.826104	3.6463
0.862206	3.57299
0.897564	3.4974
0.932154	3.41967
0.965957	3.33994
0.998953	3.25835
1.03112	3.17502
1.06245	3.0901
1.09293	3.00369
1.12253	2.91593
1.15124	2.82693
1.17907	2.7368
1.20598	2.64565
1.23198	2.55356
1.25705	2.46065
1.28119	2.36698
1.30439	2.27266
1.32665	2.17774
1.34795	2.08231
1.36829	1.98642
1.38768	1.89015
1.40609	1.79353
1.42355	1.69663
1.44003	1.59947
1.45554	1.50212
1.47007	1.40459
1.48363	1.30693
1.49621	1.20915
1.50781	1.11128
1.51843	1.01335
1.52808	0.915361
1.53674	0.817334
1.54442	0.719279
1.55113	0.621206
1.55685	0.52312
1.56159	0.425027
1.56535	0.32693
1.56813	0.228831
1.56992	0.130731
1.57074	0.0326309
1.57058	-0.0654691
1.56943	-0.163569
1.56731	-0.261669
1.5642	-0.359767
1.56011	-0.457863
1.55504	-0.555955
1.54899	-0.654037
1.54196	-0.752105
1.53395	-0.850151
1.52496	-0.948166
1.51499	-1.04614
1.50404	-1.14405
1.49211	-1.24189
1.4792	-1.33963
1.46531	-1.43726
1.45045	-1.53473
1.43462	-1.63202
1.41781	-1.72909
1.40004	-1.82591
1.38129	-1.92242
1.36159	-2.01857
1.34092	-2.11431
1.3193	-2.20957
1.29673	-2.3043
1.27322	-2.39841
1.24876	-2.49184
1.22338	-2.58449
1.19707	-2.67627
1.16985	-2.76709
1.14173	-2.85686
1.11272	-2.94545
1.08282	-3.03277
1.05206	-3.11869
1.02045	-3.2031
0.987999	-3.28586
0.954731	-3.36685
0.920662	-3.44592
0.885812	-3.52295
0.850203	-3.59779
0.813857	-3.67031
0.776797	-3.74035
0.73905	-3.80777
0.700641	-3.87243
0.661601	-3.93419
0.621958	-3.99291
0.581743	-4.04844
0.540989	-4.10065
0.49973	-4.14941
0.458001	-4.1946
0.415838	-4.23611
0.373279	-4.27381
0.330362	-4.3076
0.287126	-4.33741
0.243613	-4.36313
0.199864	-4.3847
0.15592	-4.40205
0.111823	-4.41514
0.0676167	-4.42393
0.0233442	-4.42839
-0.0209512	-4.42851
-0.065226	-4.42428
-0.109437	-4.41573
-0.153541	-4.40287
-0.197494	-4.38574
-0.241255	-4.3644
-0.284782	-4.3389
-0.328033	-4.30932
-0.370969	-4.27573
-0.413548	-4.23824
-0.455733	-4.19694
-0.497487	-4.15195
-0.538772	-4.10337
-0.579554	-4.05134
-0.619799	-3.99599
-0.659474	-3.93744
-0.698548	-3.87585
-0.736991	-3.81134
-0.774775	-3.74406
-0.811872	-3.67416
-0.848258	-3.60177
-0.883908	-3.52705
-0.918799	-3.45014
-0.95291	-3.37117
-0.986222	-3.29028
-1.01872	-3.20761
-1.05037	-3.12329
-1.08118	-3.03745
-1.11112	-2.95021
-1.14019	-2.86167
-1.16836	-2.77197
-1.19563	-2.6812
-1.22198	-2.58947
-1.24741	-2.49686
-1.27192	-2.40348
-1.29548	-2.3094
-1.31811	-2.21471
-1.33978	-2.11947
-1.3605	-2.02375
-1.38025	-1.92762
-1.39905	-1.83113
-1.41688	-1.73433
-1.43373	-1.63727
-1.44962	-1.53999
-1.46453	-1.44253
-1.47847	-1.34491
-1.49143	-1.24718
-1.50342	-1.14934
-1.51442	-1.05143
-1.52444	-0.953461
-1.53349	-0.855448
-1.54155	-0.757403
-1.54864	-0.659336
-1.55474	-0.561254
-1.55986	-0.463163
-1.564	-0.365067
-1.56716	-0.266969
-1.56934	-0.168869
-1.57054	-0.0707694
-1.57076	0.0273306
-1.56999	0.125431
-1.56825	0.22353
-1.56552	0.32163
-1.56182	0.419727
-1.55713	0.51782
-1.55146	0.615907
-1.54481	0.713981
-1.53718	0.812037
-1.52857	0.910065
-1.51898	1.00806
-1.50841	1.10599
-1.49686	1.20386
-1.48433	1.30165
-1.47083	1.39932
-1.45635	1.49685
-1.44089	1.59422
-1.42446	1.69138
-1.40706	1.7883
-1.38869	1.88493
-1.36936	1.98123
-1.34907	2.07714
-1.32782	2.1726
-1.30562	2.26754
-1.28247	2.3619
-1.25838	2.4556
-1.23336	2.54856
-1.20741	2.64069
-1.18054	2.7319
-1.15277	2.82209
-1.1241	2.91116
-1.09455	2.99898
-1.06412	3.08546
-1.03284	3.17047
-1.00071	3.25389
-0.967761	3.33558
-0.934001	3.41541
-0.899452	3.49326
-0.864136	3.56897
-0.828073	3.6424
-0.791288	3.71342
-0.753805	3.78188
-0.71565	3.84763
-0.676852	3.91054
-0.637439	3.97045
-0.597443	4.02723
-0.556895	4.08075
-0.515828	4.13087
-0.474277	4.17747
-0.432279	4.22042
-0.389869	4.25961
-0.347087	4.29493
-0.30397	4.3263
-0.26056	4.35362
-0.216898	4.37681
-0.173024	4.39581
-0.128982	4.41056
-0.084813	4.42103
-0.0405612	4.42717
0.00373043	4.42898
0.0480184	4.42644
0.0922592	4.41957
0.13641	4.40838
0.180427	4.39291
0.224268	4.3732
0.267891	4.3493
0.311254	4.3213
0.354317	4.28926
0.397039	4.25327
0.439382	4.21344
0.481308	4.16987
0.52278	4.12267
0.563761	4.07197
0.604219	4.01789
0.644119	3.96057
0.683431	3.90015
0.722122	3.83675
0.760166	3.77053
0.797533	3.70164
0.834198	3.6302
0.870137	3.55637
0.905326	3.48029
0.939743	3.4021
0.973368	3.32195
1.00618	3.23996
1.03817	3.15626
1.06931	3.071
1.09959	2.98428
1.12899	2.89624
1.15751	2.80698
1.18513	2.71661
1.21184	2.62524
1.23764	2.53296
1.2625	2.43987
1.28643	2.34605
1.30942	2.25159
1.33147	2.15655
1.35256	2.06102
1.37269	1.96504
1.39186	1.86868
1.41006	1.772
1.4273	1.67503
1.44356	1.57783
1.45885	1.48044
1.47317	1.38288
1.48651	1.28519
1.49887	1.18739
1.51026	1.0895
1.52066	0.991555
1.53009	0.893557
1.53853	0.795523
1.546	0.697464
1.55248	0.599387
1.55799	0.501299
1.56251	0.403205
1.56605	0.305107
1.56861	0.207008
1.57019	0.108908
1.57079	0.0108079
1.57041	-0.0872921
1.56904	-0.185392
1.5667	-0.283492
1.56337	-0.38159
1.55907	-0.479685
1.55378	-0.577775
1.54751	-0.675854
1.54026	-0.773918
1.53203	-0.871958
1.52282	-0.969965
1.51263	-1.06793
1.50147	-1.16582
1.48932	-1.26364
1.47619	-1.36136
1.46209	-1.45895
1.44701	-1.55639
1.43096	-1.65363
1.41394	-1.75065
1.39595	-1.8474
1.37699	-1.94384
1.35707	-2.0399
1.3362	-2.13554
1.31436	-2.2307
1.29158	-2.32529
1.26786	-2.41926
1.2432	-2.51252
1.21761	-2.60498
1.1911	-2.69656
1.16368	-2.78716
1.13535	-2.87667
1.10614	-2.96499
1.07605	-3.05201
1.0451	-3.13761
1.0133	-3.22166
0.980668	-3.30403
0.947221	-3.38461
0.912976	-3.46324
0.877956	-3.5398
0.84218	-3.61413
0.805673	-3.68611
0.768458	-3.75558
0.730562	-3.8224
0.69201	-3.88643
0.652833	-3.94752
0.61306	-4.00554
0.572722	-4.06034
0.531853	-4.1118
0.490486	-4.15978
0.448657	-4.20416
0.406403	-4.24482
0.363761	-4.28167
0.32077	-4.31458
0.277469	-4.34348
0.2339	-4.36829
0.190104	-4.38893
0.146122	-4.40534
0.101997	-4.41747
0.0577721	-4.4253
0.0134908	-4.42879
-0.0308037	-4.42794
-0.075068	-4.42275
-0.119259	-4.41324
-0.163333	-4.39943
-0.207247	-4.38136
-0.25096	-4.35909
-0.294429	-4.33267
-0.337613	-4.30219
-0.380473	-4.26773
-0.422968	-4.22938
-0.46506	-4.18725
-0.506713	-4.14145
-0.547889	-4.09209
-0.588555	-4.03931
-0.628676	-3.98324
-0.668219	-3.924
-0.707156	-3.86174
-0.745454	-3.7966
-0.783088	-3.72873
-0.820029	-3.65826
-0.856253	-3.58535
-0.891736	-3.51013
-0.926455	-3.43274
-0.960391	-3.35334
-0.993522	-3.27204
-1.02583	-3.18899
-1.0573	-3.10433
-1.08792	-3.01816
-1.11767	-2.93062
-1.14653	-2.84182
-1.1745	-2.75187
-1.20157	-2.66087
-1.22772	-2.56894
-1.25295	-2.47615
-1.27724	-2.38261
-1.3006	-2.28839
-1.32301	-2.19356
-1.34447	-2.09821
-1.36497	-2.0024
-1.38452	-1.90618
-1.4031	-1.80962
-1.42071	-1.71276
-1.43735	-1.61565
-1.45302	-1.51832
-1.46772	-1.42082
-1.48144	-1.32318
-1.49418	-1.22542
-1.50595	-1.12757
-1.51673	-1.02964
-1.52654	-0.93166
-1.53537	-0.833639
-1.54321	-0.735589
-1.55008	-0.637518
-1.55596	-0.539434
-1.56087	-0.441342
-1.56479	-0.343245
-1.56773	-0.245146
-1.56969	-0.147046
-1.57067	-0.0489463
-1.57067	0.0491537
-1.56969	0.147254
-1.56773	0.245353
-1.56478	0.343452
-1.56086	0.441549
-1.55595	0.539641
-1.55007	0.637725
-1.5432	0.735796
-1.53535	0.833846
-1.52652	0.931868
-1.51671	1.02985
-1.50592	1.12777
-1.49416	1.22563
-1.48141	1.32339
-1.46769	1.42103
-1.45299	1.51853
-1.43732	1.61585
-1.42067	1.71296
-1.40306	1.80982
-1.38448	1.90639
-1.36493	2.0026
-1.34443	2.09842
-1.32296	2.19377
-1.30055	2.28859
-1.27719	2.38281
-1.25289	2.47635
-1.22766	2.56913
-1.20151	2.66107
-1.17444	2.75206
-1.14647	2.84201
-1.1176	2.9308
-1.08785	3.01834
-1.05724	3.10451
-1.02576	3.18917
-0.993453	3.27222
-0.96032	3.35351
-0.926383	3.43291
-0.891662	3.51029
-0.856177	3.5855
-0.819952	3.65842
-0.783009	3.72888
-0.745374	3.79675
-0.707074	3.86188
-0.668136	3.92413
-0.628591	3.98336
-0.588469	4.03943
-0.547803	4.0922
-0.506625	4.14155
-0.464972	4.18734
-0.422879	4.22946
-0.380383	4.2678
-0.337522	4.30226
-0.294337	4.33273
-0.250868	4.35914
-0.207155	4.3814
-0.16324	4.39946
-0.119165	4.41326
-0.0749745	4.42277
-0.0307101	4.42795
0.0135844	4.42879
0.0578657	4.42529
0.10209	4.41745
0.146215	4.40531
0.190196	4.38889
0.233992	4.36824
0.277561	4.34343
0.320861	4.31452
0.363851	4.28159
0.406493	4.24474
0.448746	4.20407
0.490574	4.15968
0.53194	4.11169
0.572808	4.06023
0.613144	4.00542
0.652916	3.9474
0.692092	3.8863
0.730642	3.82226
0.768538	3.75543
0.805751	3.68596
0.842257	3.61398
0.878031	3.53964
0.91305	3.46308
0.947292	3.38444
0.980738	3.30386
1.01337	3.22148
1.04517	3.13743
1.07612	3.05183
1.1062	2.96481
1.13541	2.87648
1.16373	2.78697
1.19115	2.69637
1.21766	2.60479
1.24325	2.51232
1.26791	2.41906
1.29163	2.32509
1.31441	2.2305
1.33624	2.13534
1.35712	2.0397
1.37703	1.94363
1.39599	1.8472
1.41398	1.75045
1.431	1.65343
1.44705	1.55618
1.46212	1.45875
1.47622	1.36116
1.48935	1.26344
1.50149	1.16562
1.51266	1.06772
1.52284	0.969758
1.53205	0.871751
1.54028	0.773711
1.54753	0.675647
1.55379	0.577567
1.55908	0.479478
1.56338	0.381382
1.56671	0.283284
1.56905	0.185185
1.57041	0.0870848
1.57079	-0.0110152
1.57019	-0.109115
1.56861	-0.207215
1.56604	-0.305314
1.5625	-0.403412
1.55798	-0.501506
1.55247	-0.599594
1.54598	-0.697671
1.53852	-0.79573
1.53007	-0.893764
1.52064	-0.991762
1.51023	-1.08971
1.49885	-1.18759
1.48648	-1.28539
1.47314	-1.38308
1.45882	-1.48064
1.44353	-1.57804
