0	0
0.01	-0.0981
0.02	-0.1962
0.03	-0.294299
0.04	-0.392397
0.05	-0.490492
0.06	-0.588581
0.07	-0.686659
0.08	-0.784721
0.09	-0.882758
0.1	-0.98076
0.11	-1.07871
0.12	-1.17661
0.13	-1.27442
0.14	-1.37212
0.15	-1.4697
0.16	-1.56711
0.17	-1.66434
0.18	-1.76133
0.19	-1.85804
0.2	-1.95444
0.21	-2.05046
0.22	-2.14605
0.23	-2.24115
0.24	-2.33568
0.25	-2.42957
0.26	-2.52274
0.27	-2.61512
0.28	-2.70659
0.29	-2.79707
0.3	-2.88646
0.31	-2.97465
0.32	-3.06151
0.33	-3.14694
0.34	-3.23082
0.35	-3.313
0.36	-3.39337
0.37	-3.47178
0.38	-3.5481
0.39	-3.62218
0.4	-3.69389
0.41	-3.76307
0.42	-3.82959
0.43	-3.89331
0.44	-3.95407
0.45	-4.01174
0.46	-4.06618
0.47	-4.11726
0.48	-4.16485
0.49	-4.20882
0.5	-4.24907
0.51	-4.28549
0.52	-4.31797
0.53	-4.34642
0.54	-4.37077
0.55	-4.39094
0.56	-4.40688
0.57	-4.41855
0.58	-4.4259
0.59	-4.42891
0.6	-4.42758
0.61	-4.42192
0.62	-4.41193
0.63	-4.39764
0.64	-4.37911
0.65	-4.35638
0.66	-4.32951
0.67	-4.29859
0.68	-4.26369
0.69	-4.22492
0.7	-4.18238
0.71	-4.13618
0.72	-4.08644
0.73	-4.03329
0.74	-3.97686
0.75	-3.91729
0.76	-3.8547
0.77	-3.78926
0.78	-3.72109
0.79	-3.65035
0.8	-3.57717
0.81	-3.50171
0.82	-3.42409
0.83	-3.34447
0.84	-3.26298
0.85	-3.17974
0.86	-3.0949
0.87	-3.00858
0.88	-2.92089
0.89	-2.83196
0.9	-2.74189
0.91	-2.65079
0.92	-2.55876
0.93	-2.46588
0.94	-2.37226
0.95	-2.27797
0.96	-2.18308
0.97	-2.08768
0.98	-1.99182
0.99	-1.89556
1	-1.79896
1.01	-1.70207
1.02	-1.60493
1.03	-1.50759
1.04	-1.41007
1.05	-1.31241
1.06	-1.21464
1.07	-1.11678
1.08	-1.01885
1.09	-0.920863
1.1	-0.822838
1.11	-0.724785
1.12	-0.626712
1.13	-0.528627
1.14	-0.430534
1.15	-0.332437
1.16	-0.234338
1.17	-0.136238
1.18	-0.0381385
1.19	0.0599615
1.2	0.158061
1.21	0.256161
1.22	0.35426
1.23	0.452356
1.24	0.550448
1.25	0.648531
1.26	0.7466
1.27	0.844647
1.28	0.942664
1.29	1.04064
1.3	1.13856
1.31	1.2364
1.32	1.33415
1.33	1.43178
1.34	1.52926
1.35	1.62656
1.36	1.72365
1.37	1.82048
1.38	1.91701
1.39	2.01318
1.4	2.10894
1.41	2.20424
1.42	2.299
1.43	2.39315
1.44	2.48661
1.45	2.57931
1.46	2.67114
1.47	2.76202
1.48	2.85185
1.49	2.94051
1.5	3.02791
1.51	3.11391
1.52	3.1984
1.53	3.28126
1.54	3.36235
1.55	3.44154
1.56	3.51868
1.57	3.59365
1.58	3.6663
1.59	3.73648
1.6	3.80406
1.61	3.86888
1.62	3.9308
1.63	3.98969
1.64	4.0454
1.65	4.09781
1.66	4.14677
1.67	4.19216
1.68	4.23387
1.69	4.27179
1.7	4.30581
1.71	4.33584
1.72	4.36179
1.73	4.3836
1.74	4.40119
1.75	4.41452
1.76	4.42355
1.77	4.42825
1.78	4.42862
1.79	4.42464
1.8	4.41632
1.81	4.40371
1.82	4.38682
1.83	4.36571
1.84	4.34044
1.85	4.31109
1.86	4.27772
1.87	4.24045
1.88	4.19936
1.89	4.15457
1.9	4.10619
1.91	4.05435
1.92	3.99918
1.93	3.94081
1.94	3.87938
1.95	3.81503
1.96	3.74791
1.97	3.67815
1.98	3.6059
1.99	3.53131
2	3.45451
2.01	3.37565
2.02	3.29487
2.03	3.2123
2.04	3.12807
2.05	3.04231
2.06	2.95514
2.07	2.86668
2.08	2.77704
2.09	2.68632
2.1	2.59464
2.11	2.50208
2.12	2.40874
2.13	2.3147
2.14	2.22004
2.15	2.12483
2.16	2.02914
2.17	1.93303
2.18	1.83655
2.19	1.73977
2.2	1.64273
2.21	1.54546
2.22	1.448
2.23	1.3504
2.24	1.25267
2.25	1.15484
2.26	1.05693
2.27	0.958962
2.28	0.860951
2.29	0.762908
2.3	0.664842
2.31	0.566761
2.32	0.468671
2.33	0.370575
2.34	0.272476
2.35	0.174377
2.36	0.076277
2.37	-0.021823
2.38	-0.119923
2.39	-0.218023
2.4	-0.316122
2.41	-0.41422
2.42	-0.512313
2.43	-0.6104
2.44	-0.708475
2.45	-0.806532
2.46	-0.904563
2.47	-1.00256
2.48	-1.1005
2.49	-1.19837
2.5	-1.29616
2.51	-1.39384
2.52	-1.49138
2.53	-1.58876
2.54	-1.68593
2.55	-1.78287
2.56	-1.87952
2.57	-1.97584
2.58	-2.07177
2.59	-2.16725
2.6	-2.26223
2.61	-2.35662
2.62	-2.45036
2.63	-2.54337
2.64	-2.63555
2.65	-2.72681
2.66	-2.81706
2.67	-2.90619
2.68	-2.99409
2.69	-3.08065
2.7	-3.16574
2.71	-3.24925
2.72	-3.33104
2.73	-3.41098
2.74	-3.48894
2.75	-3.56477
2.76	-3.63834
2.77	-3.7095
2.78	-3.77811
2.79	-3.84401
2.8	-3.90708
2.81	-3.96717
2.82	-4.02413
2.83	-4.07784
2.84	-4.12815
2.85	-4.17495
2.86	-4.2181
2.87	-4.25751
2.88	-4.29306
2.89	-4.32465
2.9	-4.35219
2.91	-4.37562
2.92	-4.39486
2.93	-4.40985
2.94	-4.42055
2.95	-4.42694
2.96	-4.42899
2.97	-4.4267
2.98	-4.42007
2.99	-4.40912
3	-4.39389
3.01	-4.37441
3.02	-4.35076
3.03	-4.32298
3.04	-4.29116
3.05	-4.2554
3.06	-4.21578
3.07	-4.17241
3.08	-4.12542
3.09	-4.07491
3.1	-4.02102
3.11	-3.96388
3.12	-3.90362
3.13	-3.84039
3.14	-3.77432
3.15	-3.70557
3.16	-3.63427
3.17	-3.56058
3.18	-3.48462
3.19	-3.40655
3.2	-3.3265
3.21	-3.24461
3.22	-3.16101
3.23	-3.07582
3.24	-2.98919
3.25	-2.90121
3.26	-2.81202
3.27	-2.72171
3.28	-2.63039
3.29	-2.53817
3.3	-2.44512
3.31	-2.35134
3.32	-2.25691
3.33	-2.1619
3.34	-2.06639
3.35	-1.97044
3.36	-1.8741
3.37	-1.77743
3.38	-1.68048
3.39	-1.5833
3.4	-1.48591
3.41	-1.38836
3.42	-1.29067
3.43	-1.19288
3.44	-1.095
3.45	-0.997055
3.46	-0.89906
3.47	-0.801028
3.48	-0.702969
3.49	-0.604893
3.5	-0.506806
3.51	-0.408712
3.52	-0.310615
3.53	-0.212515
3.54	-0.114415
3.55	-0.0163154
3.56	0.0817845
3.57	0.179884
3.58	0.277984
3.59	0.376082
3.6	0.474178
3.61	0.572268
3.62	0.670348
3.63	0.768413
3.64	0.866455
3.65	0.964464
3.66	1.06243
3.67	1.16033
3.68	1.25816
3.69	1.35588
3.7	1.45348
3.71	1.55092
3.72	1.64818
3.73	1.74521
3.74	1.84198
3.75	1.93843
3.76	2.03452
3.77	2.13019
3.78	2.22537
3.79	2.32
3.8	2.414
3.81	2.5073
3.82	2.59981
3.83	2.69144
3.84	2.7821
3.85	2.87168
3.86	2.96007
3.87	3.04716
3.88	3.13284
3.89	3.21698
3.9	3.29946
3.91	3.38013
3.92	3.45888
3.93	3.53555
3.94	3.61002
3.95	3.68213
3.96	3.75175
3.97	3.81872
3.98	3.88291
3.99	3.94417
4	4.00237
4.01	4.05735
4.02	4.109
4.03	4.15718
4.04	4.20176
4.05	4.24264
4.06	4.2797
4.07	4.31284
4.08	4.34197
4.09	4.36701
4.1	4.38788
4.11	4.40453
4.12	4.4169
4.13	4.42497
4.14	4.42871
4.15	4.42811
4.16	4.42316
4.17	4.41389
4.18	4.40032
4.19	4.38249
4.2	4.36045
4.21	4.33426
4.22	4.30401
4.23	4.26977
4.24	4.23163
4.25	4.18971
4.26	4.14411
4.27	4.09495
4.28	4.04236
4.29	3.98647
4.3	3.92741
4.31	3.86532
4.32	3.80034
4.33	3.73261
4.34	3.66229
4.35	3.5895
4.36	3.51441
4.37	3.43714
4.38	3.35784
4.39	3.27665
4.4	3.1937
4.41	3.10912
4.42	3.02304
4.43	2.93557
4.44	2.84683
4.45	2.75695
4.46	2.66601
4.47	2.57412
4.48	2.48138
4.49	2.38788
4.5	2.29369
4.51	2.1989
4.52	2.10358
4.53	2.00779
4.54	1.9116
4.55	1.81505
4.56	1.71821
4.57	1.62111
4.58	1.52379
4.59	1.4263
4.6	1.32866
4.61	1.23091
4.62	1.13306
4.63	1.03514
4.64	0.937163
4.65	0.839143
4.66	0.741094
4.67	0.643024
4.68	0.544941
4.69	0.446849
4.7	0.348752
4.71	0.250654
4.72	0.152554
4.73	0.0544539
4.74	-0.0436461
4.75	-0.141746
4.76	-0.239846
4.77	-0.337945
4.78	-0.436042
4.79	-0.534134
4.8	-0.632219
4.81	-0.73029
4.82	-0.828342
4.83	-0.926365
4.84	-1.02435
4.85	-1.12228
4.86	-1.22013
4.87	-1.3179
4.88	-1.41555
4.89	-1.51306
4.9	-1.61039
4.91	-1.70752
4.92	-1.80439
4.93	-1.90097
4.94	-1.99721
4.95	-2.09305
4.96	-2.18843
4.97	-2.28328
4.98	-2.37754
4.99	-2.47112
5	-2.56395
5.01	-2.65593
5.02	-2.74698
5.03	-2.83699
5.04	-2.92585
5.05	-3.01346
5.06	-3.09971
5.07	-3.18446
5.08	-3.2676
5.09	-3.34899
5.1	-3.4285
5.11	-3.506
5.12	-3.58134
5.13	-3.65439
5.14	-3.72499
5.15	-3.79301
5.16	-3.8583
5.17	-3.92071
5.18	-3.98011
5.19	-4.03636
5.2	-4.08933
5.21	-4.13887
5.22	-4.18487
5.23	-4.2272
5.24	-4.26575
5.25	-4.30043
5.26	-4.33113
5.27	-4.35776
5.28	-4.38026
5.29	-4.39856
5.3	-4.4126
5.31	-4.42235
5.32	-4.42777
5.33	-4.42886
5.34	-4.4256
5.35	-4.41801
5.36	-4.4061
5.37	-4.38992
5.38	-4.36951
5.39	-4.34493
5.4	-4.31625
5.41	-4.28355
5.42	-4.24691
5.43	-4.20645
5.44	-4.16227
5.45	-4.11448
5.46	-4.06321
5.47	-4.00858
5.48	-3.95074
5.49	-3.88981
5.5	-3.82593
5.51	-3.75926
5.52	-3.68993
5.53	-3.61808
5.54	-3.54387
5.55	-3.46743
5.56	-3.38891
5.57	-3.30843
5.58	-3.22615
5.59	-3.14219
5.6	-3.05667
5.61	-2.96973
5.62	-2.88147
5.63	-2.79202
5.64	-2.70148
5.65	-2.60995
5.66	-2.51753
5.67	-2.42432
5.68	-2.33039
5.69	-2.23582
5.7	-2.1407
5.71	-2.04508
5.72	-1.94904
5.73	-1.85262
5.74	-1.75589
5.75	-1.65888
5.76	-1.56165
5.77	-1.46422
5.78	-1.36664
5.79	-1.26893
5.8	-1.17111
5.81	-1.07322
5.82	-0.975259
5.83	-0.877255
5.84	-0.779216
5.85	-0.681153
5.86	-0.583074
5.87	-0.484985
5.88	-0.38689
5.89	-0.288792
5.9	-0.190692
5.91	-0.0925924
5.92	0.00550759
5.93	0.103608
5.94	0.201707
5.95	0.299807
5.96	0.397905
5.97	0.495999
5.98	0.594087
5.99	0.692165
6	0.790225
6.01	0.888261
6.02	0.986261
6.03	1.08421
6.04	1.1821
6.05	1.2799
6.06	1.3776
6.07	1.47517
6.08	1.57258
6.09	1.66979
6.1	1.76676
6.11	1.86347
6.12	1.95984
6.13	2.05584
6.14	2.1514
6.15	2.24647
6.16	2.34097
6.17	2.43482
6.18	2.52795
6.19	2.62028
6.2	2.7117
6.21	2.80212
6.22	2.89145
6.23	2.97956
6.24	3.06635
6.25	3.1517
6.26	3.23548
6.27	3.31756
6.28	3.39782
6.29	3.47612
6.3	3.55232
6.31	3.62627
6.32	3.69784
6.33	3.76688
6.34	3.83325
6.35	3.8968
6.36	3.95739
6.37	4.01488
6.38	4.06914
6.39	4.12002
6.4	4.16741
6.41	4.21118
6.42	4.25122
6.43	4.28742
6.44	4.31967
6.45	4.3479
6.46	4.37201
6.47	4.39195
6.48	4.40765
6.49	4.41907
6.5	4.42618
6.51	4.42895
6.52	4.42738
6.53	4.42147
6.54	4.41124
6.55	4.39672
6.56	4.37794
6.57	4.35498
6.58	4.32788
6.59	4.29673
6.6	4.26162
6.61	4.22263
6.62	4.17988
6.63	4.13348
6.64	4.08355
6.65	4.03021
6.66	3.9736
6.67	3.91385
6.68	3.8511
6.69	3.7855
6.7	3.71719
6.71	3.6463
6.72	3.57299
6.73	3.4974
6.74	3.41967
6.75	3.33994
6.76	3.25835
6.77	3.17502
6.78	3.0901
6.79	3.00369
6.8	2.91593
6.81	2.82693
6.82	2.7368
6.83	2.64565
6.84	2.55356
6.85	2.46065
6.86	2.36698
6.87	2.27266
6.88	2.17774
6.89	2.08231
6.9	1.98642
6.91	1.89015
6.92	1.79353
6.93	1.69663
6.94	1.59947
6.95	1.50212
6.96	1.40459
6.97	1.30693
6.98	1.20915
6.99	1.11128
7	1.01335
7.01	0.915361
7.02	0.817334
7.03	0.719279
7.04	0.621206
7.05	0.52312
7.06	0.425027
7.07	0.32693
7.08	0.228831
7.09	0.130731
7.1	0.0326309
7.11	-0.0654691
7.12	-0.163569
7.13	-0.261669
7.14	-0.359767
7.15	-0.457863
7.16	-0.555955
7.17	-0.654037
7.18	-0.752105
7.19	-0.850151
7.2	-0.948166
7.21	-1.04614
7.22	-1.14405
7.23	-1.24189
7.24	-1.33963
7.25	-1.43726
7.26	-1.53473
7.27	-1.63202
7.28	-1.72909
7.29	-1.82591
7.3	-1.92242
7.31	-2.01857
7.32	-2.11431
7.33	-2.20957
7.34	-2.3043
7.35	-2.39841
7.36	-2.49184
7.37	-2.58449
7.38	-2.67627
7.39	-2.76709
7.4	-2.85686
7.41	-2.94545
7.42	-3.03277
7.43	-3.11869
7.44	-3.2031
7.45	-3.28586
7.46	-3.36685
7.47	-3.44592
7.48	-3.52295
7.49	-3.59779
7.5	-3.67031
7.51	-3.74035
7.52	-3.80777
7.53	-3.87243
7.54	-3.93419
7.55	-3.99291
7.56	-4.04844
7.57	-4.10065
7.58	-4.14941
7.59	-4.1946
7.6	-4.23611
7.61	-4.27381
7.62	-4.3076
7.63	-4.33741
7.64	-4.36313
7.65	-4.3847
7.66	-4.40205
7.67	-4.41514
7.68	-4.42393
7.69	-4.42839
7.7	-4.42851
7.71	-4.42428
7.72	-4.41573
7.73	-4.40287
7.74	-4.38574
7.75	-4.3644
7.76	-4.3389
7.77	-4.30932
7.78	-4.27573
7.79	-4.23824
7.8	-4.19694
7.81	-4.15195
7.82	-4.10337
7.83	-4.05134
7.84	-3.99599
7.85	-3.93744
7.86	-3.87585
7.87	-3.81134
7.88	-3.74406
7.89	-3.67416
7.9	-3.60177
7.91	-3.52705
7.92	-3.45014
7.93	-3.37117
7.94	-3.29028
7.95	-3.20761
7.96	-3.12329
7.97	-3.03745
7.98	-2.95021
7.99	-2.86167
8	-2.77197
8.01	-2.6812
8.02	-2.58947
8.03	-2.49686
8.04	-2.40348
8.05	-2.3094
8.06	-2.21471
8.07	-2.11947
8.08	-2.02375
8.09	-1.92762
8.1	-1.83113
8.11	-1.73433
8.12	-1.63727
8.13	-1.53999
8.14	-1.44253
8.15	-1.34491
8.16	-1.24718
8.17	-1.14934
8.18	-1.05143
8.19	-0.953461
8.2	-0.855448
8.21	-0.757403
8.22	-0.659336
8.23	-0.561254
8.24	-0.463163
8.25	-0.365067
8.26	-0.266969
8.27	-0.168869
8.28	-0.0707694
8.29	0.0273306
8.3	0.125431
8.31	0.22353
8.32	0.32163
8.33	0.419727
8.34	0.51782
8.35	0.615907
8.36	0.713981
8.37	0.812037
8.38	0.910065
8.39	1.00806
8.4	1.10599
8.41	1.20386
8.42	1.30165
8.43	1.39932
8.44	1.49685
8.45	1.59422
8.46	1.69138
8.47	1.7883
8.48	1.88493
8.49	1.98123
8.5	2.07714
8.51	2.1726
8.52	2.26754
8.53	2.3619
8.54	2.4556
8.55	2.54856
8.56	2.64069
8.57	2.7319
8.58	2.82209
8.59	2.91116
8.6	2.99898
8.61	3.08546
8.62	3.17047
8.63	3.25389
8.64	3.33558
8.65	3.41541
8.66	3.49326
8.67	3.56897
8.68	3.6424
8.69	3.71342
8.7	3.78188
8.71	3.84763
8.72	3.91054
8.73	3.97045
8.74	4.02723
8.75	4.08075
8.76	4.13087
8.77	4.17747
8.78	4.22042
8.79	4.25961
8.8	4.29493
8.81	4.3263
8.82	4.35362
8.83	4.37681
8.84	4.39581
8.85	4.41056
8.86	4.42103
8.87	4.42717
8.88	4.42898
8.89	4.42644
8.9	4.41957
8.91	4.40838
8.92	4.39291
8.93	4.3732
8.94	4.3493
8.95	4.3213
8.96	4.28926
8.97	4.25327
8.98	4.21344
8.99	4.16987
9	4.12267
9.01	4.07197
9.02	4.01789
9.03	3.96057
9.04	3.90015
9.05	3.83675
9.06	3.77053
9.07	3.70164
9.08	3.6302
9.09	3.55637
9.1	3.48029
9.11	3.4021
9.12	3.32195
9.13	3.23996
9.14	3.15626
9.15	3.071
9.16	2.98428
9.17	2.89624
9.18	2.80698
9.19	2.71661
9.2	2.62524
9.21	2.53296
9.22	2.43987
9.23	2.34605
9.24	2.25159
9.25	2.15655
9.26	2.06102
9.27	1.96504
9.28	1.86868
9.29	1.772
9.3	1.67503
9.31	1.57783
9.32	1.48044
9.33	1.38288
9.34	1.28519
9.35	1.18739
9.36	1.0895
9.37	0.991555
9.38	0.893557
9.39	0.795523
9.4	0.697464
9.41	0.599387
9.42	0.501299
9.43	0.403205
9.44	0.305107
9.45	0.207008
9.46	0.108908
9.47	0.0108079
9.48	-0.0872921
9.49	-0.185392
9.5	-0.283492
9.51	-0.38159
9.52	-0.479685
9.53	-0.577775
9.54	-0.675854
9.55	-0.773918
9.56	-0.871958
9.57	-0.969965
9.58	-1.06793
9.59	-1.16582
9.6	-1.26364
9.61	-1.36136
9.62	-1.45895
9.63	-1.55639
9.64	-1.65363
9.65	-1.75065
9.66	-1.8474
9.67	-1.94384
9.68	-2.0399
9.69	-2.13554
9.7	-2.2307
9.71	-2.32529
9.72	-2.41926
9.73	-2.51252
9.74	-2.60498
9.75	-2.69656
9.76	-2.78716
9.77	-2.87667
9.78	-2.96499
9.79	-3.05201
9.8	-3.13761
9.81	-3.22166
9.82	-3.30403
9.83	-3.38461
9.84	-3.46324
9.85	-3.5398
9.86	-3.61413
9.87	-3.68611
9.88	-3.75558
9.89	-3.8224
9.9	-3.88643
9.91	-3.94752
9.92	-4.00554
9.93	-4.06034
9.94	-4.1118
9.95	-4.15978
9.96	-4.20416
9.97	-4.24482
9.98	-4.28167
9.99	-4.31458
10	-4.34348
10.01	-4.36829
10.02	-4.38893
10.03	-4.40534
10.04	-4.41747
10.05	-4.4253
10.06	-4.42879
10.07	-4.42794
10.08	-4.42275
10.09	-4.41324
10.1	-4.39943
10.11	-4.38136
10.12	-4.35909
10.13	-4.33267
10.14	-4.30219
10.15	-4.26773
10.16	-4.22938
10.17	-4.18725
10.18	-4.14145
10.19	-4.09209
10.2	-4.03931
10.21	-3.98324
10.22	-3.924
10.23	-3.86174
10.24	-3.7966
10.25	-3.72873
10.26	-3.65826
10.27	-3.58535
10.28	-3.51013
10.29	-3.43274
10.3	-3.35334
10.31	-3.27204
10.32	-3.18899
10.33	-3.10433
10.34	-3.01816
10.35	-2.93062
10.36	-2.84182
10.37	-2.75187
10.38	-2.66087
10.39	-2.56894
10.4	-2.47615
10.41	-2.38261
10.42	-2.28839
10.43	-2.19356
10.44	-2.09821
10.45	-2.0024
10.46	-1.90618
10.47	-1.80962
10.48	-1.71276
10.49	-1.61565
10.5	-1.51832
10.51	-1.42082
10.52	-1.32318
10.53	-1.22542
10.54	-1.12757
10.55	-1.02964
10.56	-0.93166
10.57	-0.833639
10.58	-0.735589
10.59	-0.637518
10.6	-0.539434
10.61	-0.441342
10.62	-0.343245
10.63	-0.245146
10.64	-0.147046
10.65	-0.0489463
10.66	0.0491537
10.67	0.147254
10.68	0.245353
10.69	0.343452
10.7	0.441549
10.71	0.539641
10.72	0.637725
10.73	0.735796
10.74	0.833846
10.75	0.931868
10.76	1.02985
10.77	1.12777
10.78	1.22563
10.79	1.32339
10.8	1.42103
10.81	1.51853
10.82	1.61585
10.83	1.71296
10.84	1.80982
10.85	1.90639
10.86	2.0026
10.87	2.09842
10.88	2.19377
10.89	2.28859
10.9	2.38281
10.91	2.47635
10.92	2.56913
10.93	2.66107
10.94	2.75206
10.95	2.84201
10.96	2.9308
10.97	3.01834
10.98	3.10451
10.99	3.18917
11	3.27222
11.01	3.35351
11.02	3.43291
11.03	3.51029
11.04	3.5855
11.05	3.65842
11.06	3.72888
11.07	3.79675
11.08	3.86188
11.09	3.92413
11.1	3.98336
11.11	4.03943
11.12	4.0922
11.13	4.14155
11.14	4.18734
11.15	4.22946
11.16	4.2678
11.17	4.30226
11.18	4.33273
11.19	4.35914
11.2	4.3814
11.21	4.39946
11.22	4.41326
11.23	4.42277
11.24	4.42795
11.25	4.42879
11.26	4.42529
11.27	4.41745
11.28	4.40531
11.29	4.38889
11.3	4.36824
11.31	4.34343
11.32	4.31452
11.33	4.28159
11.34	4.24474
11.35	4.20407
11.36	4.15968
11.37	4.11169
11.38	4.06023
11.39	4.00542
11.4	3.9474
11.41	3.8863
11.42	3.82226
11.43	3.75543
11.44	3.68596
11.45	3.61398
11.46	3.53964
11.47	3.46308
11.48	3.38444
11.49	3.30386
11.5	3.22148
11.51	3.13743
11.52	3.05183
11.53	2.96481
11.54	2.87648
11.55	2.78697
11.56	2.69637
11.57	2.60479
11.58	2.51232
11.59	2.41906
11.6	2.32509
11.61	2.2305
11.62	2.13534
11.63	2.0397
11.64	1.94363
11.65	1.8472
11.66	1.75045
11.67	1.65343
11.68	1.55618
11.69	1.45875
11.7	1.36116
11.71	1.26344
11.72	1.16562
11.73	1.06772
11.74	0.969758
11.75	0.871751
11.76	0.773711
11.77	0.675647
11.78	0.577567
11.79	0.479478
11.8	0.381382
11.81	0.283284
11.82	0.185185
11.83	0.0870848
11.84	-0.0110152
11.85	-0.109115
11.86	-0.207215
11.87	-0.305314
11.88	-0.403412
11.89	-0.501506
11.9	-0.599594
11.91	-0.697671
11.92	-0.79573
11.93	-0.893764
11.94	-0.991762
11.95	-1.08971
11.96	-1.18759
11.97	-1.28539
11.98	-1.38308
11.99	-1.48064
12	-1.57804
